# Region type : patch pressure_outlet
# Faces       : 11534
# Area        : 3.696967e-03
# Scale factor: 1.000000e+00
# Time        	areaAverage(U)
1             	(-1.157937e-06 -9.129613e-07 9.855403e-04)
2             	(-1.086227e-06 -8.982281e-07 9.892456e-04)
3             	(-8.946912e-07 -7.978076e-07 1.003613e-03)
4             	(-7.178653e-07 -6.982434e-07 1.015304e-03)
5             	(-5.432992e-07 -5.996784e-07 1.014452e-03)
6             	(-3.986434e-07 -5.111203e-07 1.002492e-03)
7             	(-2.664406e-07 -4.384675e-07 9.900374e-04)
8             	(-1.505669e-07 -3.976143e-07 9.872689e-04)
9             	(-5.530393e-08 -3.901107e-07 9.959487e-04)
10            	(2.636612e-08 -4.007973e-07 1.007474e-03)
11            	(8.903279e-08 -4.028754e-07 1.011282e-03)
12            	(1.309571e-07 -4.018170e-07 1.004721e-03)
13            	(1.664021e-07 -4.024476e-07 9.946255e-04)
14            	(2.000798e-07 -4.073991e-07 9.902741e-04)
15            	(2.312569e-07 -4.248327e-07 9.949000e-04)
16            	(2.607263e-07 -4.473630e-07 1.003429e-03)
17            	(2.847899e-07 -4.675971e-07 1.007900e-03)
18            	(2.992153e-07 -4.766923e-07 1.004839e-03)
19            	(3.065956e-07 -4.843958e-07 9.978456e-04)
20            	(3.100204e-07 -4.966613e-07 9.935823e-04)
21            	(3.130807e-07 -5.121519e-07 9.955090e-04)
22            	(3.142970e-07 -5.285116e-07 1.001163e-03)
23            	(3.117073e-07 -5.428972e-07 1.005055e-03)
24            	(3.049921e-07 -5.530417e-07 1.003919e-03)
25            	(2.949861e-07 -5.573612e-07 9.993707e-04)
26            	(2.849149e-07 -5.629433e-07 9.958838e-04)
27            	(2.771241e-07 -5.689429e-07 9.964505e-04)
28            	(2.709078e-07 -5.749162e-07 1.000077e-03)
29            	(2.643894e-07 -5.809801e-07 1.003140e-03)
30            	(2.568270e-07 -5.831178e-07 1.002959e-03)
31            	(2.488940e-07 -5.816598e-07 1.000081e-03)
32            	(2.409831e-07 -5.805125e-07 9.974111e-04)
33            	(2.333721e-07 -5.823390e-07 9.973215e-04)
34            	(2.259406e-07 -5.874630e-07 9.995844e-04)
35            	(2.184699e-07 -5.932332e-07 1.001886e-03)
36            	(2.110199e-07 -5.972893e-07 1.002154e-03)
37            	(2.034630e-07 -5.994982e-07 1.000391e-03)
38            	(1.964204e-07 -6.014440e-07 9.984249e-04)
39            	(1.897725e-07 -6.050296e-07 9.980475e-04)
40            	(1.831363e-07 -6.107892e-07 9.994073e-04)
41            	(1.768422e-07 -6.176418e-07 1.001073e-03)
42            	(1.700709e-07 -6.239765e-07 1.001510e-03)
43            	(1.637401e-07 -6.292394e-07 1.000475e-03)
44            	(1.584312e-07 -6.341439e-07 9.990760e-04)
45            	(1.530490e-07 -6.405542e-07 9.986164e-04)
46            	(1.475263e-07 -6.488434e-07 9.993961e-04)
47            	(1.419656e-07 -6.584882e-07 1.000563e-03)
48            	(1.360655e-07 -6.682417e-07 1.001022e-03)
49            	(1.304104e-07 -6.777370e-07 1.000444e-03)
50            	(1.249334e-07 -6.874674e-07 9.994779e-04)
51            	(1.197910e-07 -6.985160e-07 9.990405e-04)
52            	(1.147044e-07 -7.114848e-07 9.994622e-04)
53            	(1.096705e-07 -7.258633e-07 1.000259e-03)
54            	(1.045724e-07 -7.409237e-07 1.000669e-03)
55            	(9.939334e-08 -7.566001e-07 1.000369e-03)
56            	(9.463757e-08 -7.730092e-07 9.997184e-04)
57            	(9.014509e-08 -7.907580e-07 9.993462e-04)
58            	(8.576122e-08 -8.102910e-07 9.995554e-04)
59            	(8.130659e-08 -8.315676e-07 1.000087e-03)
60            	(7.680469e-08 -8.543466e-07 1.000424e-03)
61            	(7.224298e-08 -8.782338e-07 1.000286e-03)
62            	(7.251666e-08 -8.824094e-07 9.998572e-04)
63            	(6.952160e-08 -8.986583e-07 9.995643e-04)
64            	(6.608030e-08 -9.195409e-07 9.996523e-04)
65            	(6.401630e-08 -9.447751e-07 1.000001e-03)
66            	(6.208479e-08 -9.733336e-07 1.000264e-03)
67            	(6.036527e-08 -1.003986e-06 1.000216e-03)
68            	(5.875491e-08 -1.036089e-06 9.999398e-04)
69            	(5.733055e-08 -1.070269e-06 9.997129e-04)
70            	(5.576232e-08 -1.106608e-06 9.997358e-04)
71            	(5.422200e-08 -1.145749e-06 9.999585e-04)
72            	(5.238523e-08 -1.187614e-06 1.000157e-03)
73            	(5.019778e-08 -1.232046e-06 1.000157e-03)
74            	(4.560830e-08 -1.275931e-06 9.999836e-04)
75            	(4.266726e-08 -1.325569e-06 9.998160e-04)
76            	(3.937252e-08 -1.377830e-06 9.998061e-04)
77            	(3.526715e-08 -1.433909e-06 9.999457e-04)
78            	(3.155512e-08 -1.493591e-06 1.000092e-03)
79            	(2.710299e-08 -1.557008e-06 1.000114e-03)
80            	(2.224948e-08 -1.624060e-06 1.000010e-03)
81            	(1.746815e-08 -1.694792e-06 9.998901e-04)
82            	(1.235209e-08 -1.770032e-06 9.998662e-04)
83            	(7.079506e-09 -1.850087e-06 9.999505e-04)
84            	(1.403914e-09 -1.934199e-06 1.000056e-03)
85            	(-1.737384e-08 -1.994103e-06 1.000088e-03)
86            	(-2.515971e-08 -2.077759e-06 1.000032e-03)
87            	(-3.870610e-08 -2.169083e-06 9.999447e-04)
88            	(-5.414670e-08 -2.269074e-06 9.999172e-04)
89            	(-6.926152e-08 -2.378024e-06 9.999684e-04)
90            	(-8.592038e-08 -2.493121e-06 1.000045e-03)
91            	(-1.086365e-07 -2.586839e-06 1.000080e-03)
92            	(-1.226855e-07 -2.702500e-06 1.000056e-03)
93            	(-1.394570e-07 -2.833862e-06 9.999965e-04)
94            	(-1.580673e-07 -2.970382e-06 9.999618e-04)
95            	(-1.782151e-07 -3.115116e-06 9.999863e-04)
96            	(-1.985713e-07 -3.269302e-06 1.000039e-03)
97            	(-1.849269e-07 -3.373415e-06 1.000080e-03)
98            	(-1.844449e-07 -3.507629e-06 1.000093e-03)
99            	(-1.744249e-07 -3.673496e-06 1.000061e-03)
100           	(-1.720077e-07 -3.848749e-06 1.000025e-03)
101           	(-1.745079e-07 -4.034169e-06 1.000022e-03)
102           	(-1.814679e-07 -4.232707e-06 1.000055e-03)
103           	(-1.906285e-07 -4.444931e-06 1.000097e-03)
104           	(-2.024777e-07 -4.670535e-06 1.000116e-03)
105           	(-2.170697e-07 -4.910280e-06 1.000106e-03)
106           	(-2.278845e-07 -5.023358e-06 1.000081e-03)
107           	(-2.967888e-07 -5.334889e-06 1.000141e-03)
108           	(-3.178335e-07 -5.536444e-06 1.000059e-03)
109           	(-3.815999e-07 -5.750481e-06 1.000144e-03)
110           	(-4.503008e-07 -6.029323e-06 1.000160e-03)
111           	(-5.046218e-07 -6.315696e-06 1.000155e-03)
112           	(-4.621024e-07 -6.522662e-06 1.000147e-03)
113           	(-4.944965e-07 -6.816835e-06 1.000182e-03)
114           	(-5.145454e-07 -7.124941e-06 1.000177e-03)
115           	(-7.793108e-07 -6.533137e-06 1.000197e-03)
116           	(-7.186350e-07 -7.305327e-06 1.000555e-03)
117           	(-6.188485e-07 -7.845684e-06 1.000288e-03)
118           	(-5.938015e-07 -8.234209e-06 1.000007e-03)
119           	(-9.431049e-07 -7.629649e-06 9.999399e-04)
120           	(-8.956011e-07 -8.563091e-06 1.000433e-03)
121           	(-7.813829e-07 -9.464223e-06 1.000232e-03)
122           	(-1.060198e-06 -8.857271e-06 9.999250e-04)
123           	(-9.577032e-07 -9.301164e-06 1.000379e-03)
124           	(-8.828769e-07 -1.078527e-05 1.000160e-03)
125           	(-1.327384e-06 -1.001920e-05 9.998715e-04)
126           	(-1.050442e-06 -1.098627e-05 1.000327e-03)
127           	(-1.087268e-06 -1.250418e-05 1.000092e-03)
128           	(-1.461171e-06 -1.178638e-05 9.996928e-04)
129           	(-1.209681e-06 -1.253476e-05 1.000355e-03)
130           	(-1.315773e-06 -1.452465e-05 1.000232e-03)
131           	(-1.481891e-06 -1.336366e-05 9.997430e-04)
132           	(-1.414562e-06 -1.470487e-05 1.000460e-03)
133           	(-1.150593e-06 -1.690184e-05 1.000082e-03)
134           	(-1.546175e-06 -1.505453e-05 9.994220e-04)
135           	(-1.472211e-06 -1.621919e-05 1.000395e-03)
136           	(-1.650892e-06 -1.632875e-05 1.000196e-03)
137           	(-1.582150e-06 -1.801256e-05 1.001153e-03)
138           	(-1.313147e-06 -2.043651e-05 1.000051e-03)
139           	(-1.571641e-06 -1.824878e-05 9.986333e-04)
140           	(-1.765893e-06 -1.841726e-05 9.999903e-04)
141           	(-1.805892e-06 -2.014435e-05 1.000544e-03)
142           	(-1.631649e-06 -2.009336e-05 9.997791e-04)
143           	(-1.903971e-06 -2.198476e-05 1.001149e-03)
144           	(-1.589974e-06 -2.148172e-05 9.997672e-04)
145           	(-1.931358e-06 -2.035382e-05 1.001116e-03)
146           	(-1.626929e-06 -2.181469e-05 1.001086e-03)
147           	(-1.537726e-06 -2.214426e-05 1.000427e-03)
148           	(-1.545511e-06 -2.276225e-05 9.997897e-04)
149           	(-1.315436e-06 -2.425272e-05 9.996978e-04)
150           	(-2.691817e-07 -2.911082e-05 1.000013e-03)
151           	(1.154605e-06 -3.611386e-05 1.000691e-03)
152           	(2.301402e-06 -4.323657e-05 1.000997e-03)
153           	(2.945593e-06 -4.813164e-05 9.992197e-04)
154           	(3.724071e-06 -5.449270e-05 9.962405e-04)
155           	(3.274558e-06 -5.306059e-05 9.923570e-04)
156           	(2.622786e-06 -5.724558e-05 9.903582e-04)
157           	(2.965014e-06 -5.709991e-05 9.890356e-04)
158           	(6.113013e-07 -5.477916e-05 9.909847e-04)
159           	(7.983691e-07 -5.743582e-05 9.917279e-04)
160           	(2.281779e-06 -5.467852e-05 9.921776e-04)
161           	(2.944264e-06 -5.652099e-05 9.943208e-04)
162           	(2.799792e-06 -5.943682e-05 9.965522e-04)
163           	(3.377078e-06 -5.941338e-05 9.988567e-04)
164           	(2.521618e-06 -6.037528e-05 1.002421e-03)
165           	(2.997997e-06 -6.107511e-05 1.005353e-03)
166           	(2.276982e-06 -5.989444e-05 1.006365e-03)
167           	(1.964695e-06 -6.160536e-05 1.006071e-03)
168           	(1.594131e-06 -6.200763e-05 1.004301e-03)
169           	(1.302903e-06 -6.291438e-05 1.002389e-03)
170           	(7.901084e-07 -6.160193e-05 1.000799e-03)
171           	(-6.081848e-07 -6.048186e-05 1.000579e-03)
172           	(-8.392905e-07 -5.955408e-05 1.000942e-03)
173           	(-8.733303e-07 -5.885123e-05 1.002421e-03)
174           	(-1.005372e-06 -5.846592e-05 1.003855e-03)
175           	(-1.670935e-08 -6.122916e-05 1.004922e-03)
176           	(-3.535224e-07 -5.856095e-05 1.003480e-03)
177           	(1.085904e-06 -5.667940e-05 1.000164e-03)
178           	(2.231239e-06 -5.314399e-05 9.983331e-04)
179           	(3.182061e-06 -5.152848e-05 9.994679e-04)
180           	(3.361234e-06 -4.957213e-05 1.001308e-03)
181           	(3.439801e-06 -4.834829e-05 1.002453e-03)
182           	(2.989745e-06 -4.756000e-05 1.003550e-03)
183           	(3.117950e-06 -4.642530e-05 1.003003e-03)
184           	(2.639993e-06 -4.550203e-05 1.002286e-03)
185           	(2.657041e-06 -4.441647e-05 1.000887e-03)
186           	(2.209922e-06 -4.378728e-05 1.000754e-03)
187           	(2.373811e-06 -4.298898e-05 1.000601e-03)
188           	(1.758046e-06 -4.207310e-05 1.001474e-03)
189           	(2.048558e-06 -4.179797e-05 1.001929e-03)
190           	(1.684867e-06 -4.165492e-05 1.001893e-03)
191           	(1.557219e-06 -4.081494e-05 1.001195e-03)
192           	(1.199554e-06 -4.018496e-05 1.000755e-03)
193           	(1.211311e-06 -3.968670e-05 1.000326e-03)
194           	(1.023008e-06 -3.934348e-05 1.000473e-03)
195           	(9.666647e-07 -3.916172e-05 1.000583e-03)
196           	(1.052972e-06 -3.836452e-05 1.000785e-03)
197           	(1.096204e-06 -3.831400e-05 1.000810e-03)
198           	(1.102793e-06 -3.772638e-05 1.000506e-03)
199           	(1.092557e-06 -3.789497e-05 1.000329e-03)
200           	(1.088867e-06 -3.735654e-05 1.000030e-03)
201           	(1.009828e-06 -3.763413e-05 1.000124e-03)
202           	(1.041616e-06 -3.707336e-05 1.000362e-03)
203           	(8.831919e-07 -3.735861e-05 1.000526e-03)
204           	(1.048788e-06 -3.667124e-05 1.000434e-03)
205           	(9.043447e-07 -3.705446e-05 1.000385e-03)
206           	(1.103896e-06 -3.657268e-05 1.000098e-03)
207           	(9.743131e-07 -3.678088e-05 9.997665e-04)
208           	(1.154408e-06 -3.652396e-05 9.997742e-04)
209           	(1.239437e-06 -3.629805e-05 9.998633e-04)
210           	(1.208073e-06 -3.644621e-05 1.000006e-03)
211           	(1.190106e-06 -3.652563e-05 1.000351e-03)
212           	(1.089367e-06 -3.653506e-05 1.000374e-03)
213           	(1.138753e-06 -3.633327e-05 1.000164e-03)
214           	(1.109135e-06 -3.631006e-05 9.999347e-04)
215           	(1.204346e-06 -3.607409e-05 9.998121e-04)
216           	(1.238262e-06 -3.587983e-05 9.998355e-04)
217           	(1.314832e-06 -3.578757e-05 9.999149e-04)
218           	(1.354143e-06 -3.568681e-05 9.999724e-04)
219           	(1.437889e-06 -3.561370e-05 9.999727e-04)
220           	(1.504217e-06 -3.551837e-05 9.999451e-04)
221           	(1.589791e-06 -3.537016e-05 9.999399e-04)
222           	(1.630819e-06 -3.519405e-05 9.999563e-04)
223           	(1.711129e-06 -3.505185e-05 9.999848e-04)
224           	(1.915105e-06 -3.468764e-05 9.999997e-04)
225           	(1.904468e-06 -3.455460e-05 1.000132e-03)
226           	(1.956168e-06 -3.420825e-05 1.000049e-03)
227           	(1.987206e-06 -3.415382e-05 9.999904e-04)
228           	(2.025827e-06 -3.381560e-05 9.998731e-04)
229           	(2.110252e-06 -3.342569e-05 9.998118e-04)
230           	(2.188772e-06 -3.320112e-05 9.998199e-04)
231           	(2.230646e-06 -3.301032e-05 9.998783e-04)
232           	(2.303142e-06 -3.281708e-05 9.999167e-04)
233           	(2.351833e-06 -3.255146e-05 9.999203e-04)
234           	(2.411286e-06 -3.227409e-05 9.999049e-04)
235           	(2.435000e-06 -3.223926e-05 9.998958e-04)
236           	(2.512342e-06 -3.178395e-05 9.998998e-04)
237           	(2.590394e-06 -3.140142e-05 9.998968e-04)
238           	(2.576830e-06 -3.124202e-05 9.998959e-04)
239           	(2.687967e-06 -3.071494e-05 1.000043e-03)
240           	(2.709094e-06 -3.033627e-05 9.999485e-04)
241           	(2.765530e-06 -3.027342e-05 9.999174e-04)
242           	(2.783093e-06 -2.992092e-05 9.998431e-04)
243           	(2.862753e-06 -2.951114e-05 9.997802e-04)
244           	(2.919675e-06 -2.921146e-05 9.997761e-04)
245           	(2.963473e-06 -2.892491e-05 9.998207e-04)
246           	(3.008270e-06 -2.864465e-05 9.998655e-04)
247           	(3.053997e-06 -2.834568e-05 9.998875e-04)
248           	(3.046553e-06 -2.823137e-05 9.998934e-04)
249           	(3.136892e-06 -2.775830e-05 9.998977e-04)
250           	(3.129666e-06 -2.757040e-05 9.998875e-04)
251           	(3.216747e-06 -2.708740e-05 9.998814e-04)
252           	(3.255108e-06 -2.670262e-05 9.998722e-04)
253           	(3.284381e-06 -2.634236e-05 9.998671e-04)
254           	(3.288062e-06 -2.623308e-05 1.000009e-03)
255           	(3.319789e-06 -2.589754e-05 9.999460e-04)
256           	(3.377032e-06 -2.550791e-05 9.998678e-04)
257           	(3.411737e-06 -2.518150e-05 9.998307e-04)
258           	(3.437567e-06 -2.490539e-05 9.998373e-04)
259           	(3.463299e-06 -2.464109e-05 9.998596e-04)
260           	(3.489530e-06 -2.437474e-05 9.998753e-04)
261           	(3.515198e-06 -2.410056e-05 9.998860e-04)
262           	(3.540037e-06 -2.382041e-05 9.998945e-04)
263           	(3.564213e-06 -2.349818e-05 9.999009e-04)
264           	(3.554723e-06 -2.338936e-05 1.000030e-03)
265           	(3.580143e-06 -2.308279e-05 9.999609e-04)
266           	(3.628654e-06 -2.272014e-05 9.998688e-04)
267           	(3.652227e-06 -2.242061e-05 9.998230e-04)
268           	(3.668153e-06 -2.217536e-05 9.998280e-04)
269           	(3.683637e-06 -2.194332e-05 9.998541e-04)
270           	(3.699982e-06 -2.170634e-05 9.998791e-04)
271           	(3.715309e-06 -2.146032e-05 9.998944e-04)
272           	(3.731086e-06 -2.120846e-05 9.998997e-04)
273           	(3.744852e-06 -2.095485e-05 9.998980e-04)
274           	(3.758020e-06 -2.066590e-05 9.998939e-04)
275           	(3.738725e-06 -2.058072e-05 1.000007e-03)
276           	(3.717771e-06 -2.024626e-05 9.999423e-04)
277           	(3.775234e-06 -1.997582e-05 9.998481e-04)
278           	(3.804367e-06 -1.971454e-05 9.998253e-04)
279           	(3.808950e-06 -1.950936e-05 9.998416e-04)
280           	(3.815501e-06 -1.931324e-05 9.998666e-04)
281           	(3.818323e-06 -1.910182e-05 9.998830e-04)
282           	(3.821345e-06 -1.888076e-05 9.998930e-04)
283           	(3.824558e-06 -1.865677e-05 9.998938e-04)
284           	(3.827598e-06 -1.843212e-05 9.998923e-04)
285           	(3.830309e-06 -1.817211e-05 9.998902e-04)
286           	(3.801435e-06 -1.810873e-05 1.000000e-03)
287           	(3.771161e-06 -1.779970e-05 9.999371e-04)
288           	(3.813199e-06 -1.754293e-05 9.998469e-04)
289           	(3.832506e-06 -1.730529e-05 9.998234e-04)
290           	(3.827252e-06 -1.712509e-05 9.998399e-04)
291           	(3.817157e-06 -1.695198e-05 9.998661e-04)
292           	(3.808453e-06 -1.676499e-05 9.998850e-04)
293           	(3.804383e-06 -1.656929e-05 9.998931e-04)
294           	(3.800535e-06 -1.637003e-05 9.998939e-04)
295           	(3.795724e-06 -1.617017e-05 9.998902e-04)
296           	(3.790083e-06 -1.597302e-05 9.998863e-04)
297           	(3.783952e-06 -1.574447e-05 9.998848e-04)
298           	(3.785304e-06 -1.553451e-05 9.999927e-04)
299           	(3.756344e-06 -1.545490e-05 9.999338e-04)
300           	(3.765567e-06 -1.523020e-05 9.998676e-04)
301           	(3.765748e-06 -1.505190e-05 9.998371e-04)
302           	(3.755674e-06 -1.489330e-05 9.998366e-04)
303           	(3.747698e-06 -1.474551e-05 9.998511e-04)
304           	(3.740207e-06 -1.459131e-05 9.998672e-04)
305           	(3.733950e-06 -1.442939e-05 9.998805e-04)
306           	(3.726316e-06 -1.426175e-05 9.998895e-04)
307           	(3.718881e-06 -1.409209e-05 9.998932e-04)
308           	(3.709542e-06 -1.392383e-05 9.998919e-04)
309           	(3.700433e-06 -1.372311e-05 9.998878e-04)
310           	(3.698749e-06 -1.354014e-05 9.999835e-04)
311           	(3.666890e-06 -1.348250e-05 9.999259e-04)
312           	(3.673130e-06 -1.328200e-05 9.998632e-04)
313           	(3.673060e-06 -1.312710e-05 9.998371e-04)
314           	(3.660670e-06 -1.301373e-05 9.998395e-04)
315           	(3.649307e-06 -1.290988e-05 9.998544e-04)
316           	(3.641876e-06 -1.279915e-05 9.998687e-04)
317           	(3.635303e-06 -1.267935e-05 9.998792e-04)
318           	(3.628545e-06 -1.255361e-05 9.998865e-04)
319           	(3.621364e-06 -1.242542e-05 9.998903e-04)
320           	(3.613455e-06 -1.229809e-05 9.998907e-04)
321           	(3.605183e-06 -1.213797e-05 9.998887e-04)
322           	(3.604371e-06 -1.199793e-05 9.999844e-04)
323           	(3.574683e-06 -1.195376e-05 9.999266e-04)
324           	(3.579805e-06 -1.177016e-05 9.998634e-04)
325           	(3.577940e-06 -1.163190e-05 9.998365e-04)
326           	(3.567096e-06 -1.153577e-05 9.998365e-04)
327           	(3.556878e-06 -1.144940e-05 9.998534e-04)
328           	(3.548655e-06 -1.135612e-05 9.998695e-04)
329           	(3.541374e-06 -1.125286e-05 9.998799e-04)
330           	(3.534239e-06 -1.114314e-05 9.998869e-04)
331           	(3.526837e-06 -1.103102e-05 9.998903e-04)
332           	(3.518148e-06 -1.091989e-05 9.998905e-04)
333           	(3.504354e-06 -1.076898e-05 9.998883e-04)
334           	(3.505524e-06 -1.064845e-05 9.999843e-04)
335           	(3.467784e-06 -1.063435e-05 9.999388e-04)
336           	(3.467113e-06 -1.049645e-05 9.998691e-04)
337           	(3.473463e-06 -1.041227e-05 9.998338e-04)
338           	(3.455102e-06 -1.031588e-05 9.998271e-04)
339           	(3.451210e-06 -1.024300e-05 9.998448e-04)
340           	(3.435982e-06 -1.017588e-05 9.998632e-04)
341           	(3.424771e-06 -1.010886e-05 9.998824e-04)
342           	(3.416947e-06 -1.004035e-05 9.998932e-04)
343           	(3.418080e-06 -9.983846e-06 9.998966e-04)
344           	(3.402625e-06 -9.902288e-06 9.998922e-04)
345           	(3.399536e-06 -9.804428e-06 9.998896e-04)
346           	(3.391429e-06 -9.679770e-06 9.999652e-04)
347           	(3.357949e-06 -9.674045e-06 9.999332e-04)
348           	(3.370750e-06 -9.565763e-06 9.998687e-04)
349           	(3.362687e-06 -9.466973e-06 9.998358e-04)
350           	(3.357902e-06 -9.423776e-06 9.998354e-04)
351           	(3.341312e-06 -9.374012e-06 9.998478e-04)
352           	(3.329690e-06 -9.323462e-06 9.998674e-04)
353           	(3.318534e-06 -9.266851e-06 9.998812e-04)
354           	(3.313000e-06 -9.206321e-06 9.998895e-04)
355           	(3.304317e-06 -9.140468e-06 9.998927e-04)
356           	(3.294980e-06 -9.074080e-06 9.998919e-04)
357           	(3.285293e-06 -8.973462e-06 9.998886e-04)
358           	(3.292900e-06 -8.919696e-06 9.999672e-04)
359           	(3.254421e-06 -8.909171e-06 9.999301e-04)
360           	(3.266161e-06 -8.804134e-06 9.998698e-04)
361           	(3.257393e-06 -8.711421e-06 9.998392e-04)
362           	(3.252529e-06 -8.672587e-06 9.998385e-04)
363           	(3.235320e-06 -8.627078e-06 9.998491e-04)
364           	(3.223172e-06 -8.581703e-06 9.998665e-04)
365           	(3.211626e-06 -8.531390e-06 9.998789e-04)
366           	(3.202024e-06 -8.475457e-06 9.998869e-04)
367           	(3.198152e-06 -8.418583e-06 9.998910e-04)
368           	(3.189209e-06 -8.358973e-06 9.998916e-04)
369           	(3.179500e-06 -8.264648e-06 9.998896e-04)
370           	(3.186807e-06 -8.217284e-06 9.999686e-04)
371           	(3.148062e-06 -8.211950e-06 9.999318e-04)
372           	(3.150483e-06 -8.098245e-06 9.998717e-04)
373           	(3.147415e-06 -8.018841e-06 9.998425e-04)
374           	(3.135916e-06 -7.976018e-06 9.998390e-04)
375           	(3.121708e-06 -7.943834e-06 9.998511e-04)
376           	(3.111828e-06 -7.909245e-06 9.998664e-04)
377           	(3.104011e-06 -7.866976e-06 9.998791e-04)
378           	(3.100328e-06 -7.819457e-06 9.998877e-04)
379           	(3.091978e-06 -7.766431e-06 9.998923e-04)
380           	(3.079725e-06 -7.675496e-06 9.998929e-04)
381           	(3.081716e-06 -7.617199e-06 9.999747e-04)
382           	(3.049186e-06 -7.624083e-06 9.999381e-04)
383           	(3.055715e-06 -7.517453e-06 9.998719e-04)
384           	(3.053232e-06 -7.441550e-06 9.998394e-04)
385           	(3.043269e-06 -7.402389e-06 9.998343e-04)
386           	(3.030398e-06 -7.373946e-06 9.998465e-04)
387           	(3.021181e-06 -7.343217e-06 9.998629e-04)
388           	(3.013627e-06 -7.304505e-06 9.998771e-04)
389           	(3.011281e-06 -7.260767e-06 9.998869e-04)
390           	(3.003015e-06 -7.211127e-06 9.998916e-04)
391           	(2.991215e-06 -7.158832e-06 9.998917e-04)
392           	(2.984203e-06 -7.074405e-06 9.998887e-04)
393           	(2.984485e-06 -7.020547e-06 9.999675e-04)
394           	(2.952070e-06 -7.032619e-06 9.999319e-04)
395           	(2.958441e-06 -6.932169e-06 9.998688e-04)
396           	(2.957067e-06 -6.862337e-06 9.998398e-04)
397           	(2.946942e-06 -6.828573e-06 9.998372e-04)
398           	(2.932725e-06 -6.805014e-06 9.998503e-04)
399           	(2.924683e-06 -6.779387e-06 9.998661e-04)
400           	(2.917034e-06 -6.745425e-06 9.998788e-04)
401           	(2.913556e-06 -6.706255e-06 9.998870e-04)
402           	(2.903322e-06 -6.660070e-06 9.998909e-04)
403           	(2.898979e-06 -6.615580e-06 9.998912e-04)
404           	(2.886320e-06 -6.533573e-06 9.998893e-04)
405           	(2.890179e-06 -6.485837e-06 9.999684e-04)
406           	(2.857819e-06 -6.502356e-06 9.999340e-04)
407           	(2.863902e-06 -6.406720e-06 9.998715e-04)
408           	(2.862704e-06 -6.342068e-06 9.998421e-04)
409           	(2.852984e-06 -6.312593e-06 9.998388e-04)
410           	(2.839115e-06 -6.293714e-06 9.998512e-04)
411           	(2.827421e-06 -6.271067e-06 9.998667e-04)
412           	(2.817932e-06 -6.241042e-06 9.998788e-04)
413           	(2.809261e-06 -6.203541e-06 9.998872e-04)
414           	(2.802885e-06 -6.162825e-06 9.998915e-04)
415           	(2.793785e-06 -6.084429e-06 9.998920e-04)
416           	(2.801912e-06 -6.039240e-06 9.999738e-04)
417           	(2.774133e-06 -6.058851e-06 9.999381e-04)
418           	(2.780332e-06 -5.963186e-06 9.998720e-04)
419           	(2.780095e-06 -5.899429e-06 9.998394e-04)
420           	(2.770522e-06 -5.872151e-06 9.998343e-04)
421           	(2.767717e-06 -5.858604e-06 9.998465e-04)
422           	(2.757889e-06 -5.838977e-06 9.998629e-04)
423           	(2.747063e-06 -5.810365e-06 9.998769e-04)
424           	(2.739618e-06 -5.775922e-06 9.998861e-04)
425           	(2.731809e-06 -5.737366e-06 9.998909e-04)
426           	(2.725517e-06 -5.697832e-06 9.998912e-04)
427           	(2.717054e-06 -5.622552e-06 9.998884e-04)
428           	(2.725093e-06 -5.581742e-06 9.999672e-04)
429           	(2.697407e-06 -5.605325e-06 9.999324e-04)
430           	(2.703824e-06 -5.515225e-06 9.998691e-04)
431           	(2.703856e-06 -5.456528e-06 9.998398e-04)
432           	(2.699536e-06 -5.435790e-06 9.998370e-04)
433           	(2.689286e-06 -5.423371e-06 9.998501e-04)
434           	(2.677022e-06 -5.407181e-06 9.998661e-04)
435           	(2.669938e-06 -5.384080e-06 9.998784e-04)
436           	(2.662082e-06 -5.353012e-06 9.998868e-04)
437           	(2.657261e-06 -5.318870e-06 9.998908e-04)
438           	(2.648619e-06 -5.282246e-06 9.998913e-04)
439           	(2.640955e-06 -5.211698e-06 9.998891e-04)
440           	(2.649585e-06 -5.175130e-06 9.999680e-04)
441           	(2.616793e-06 -5.200318e-06 9.999342e-04)
442           	(2.621925e-06 -5.113983e-06 9.998709e-04)
443           	(2.620413e-06 -5.058393e-06 9.998414e-04)
444           	(2.613065e-06 -5.039213e-06 9.998381e-04)
445           	(2.603881e-06 -5.030494e-06 9.998507e-04)
446           	(2.599028e-06 -5.019085e-06 9.998662e-04)
447           	(2.593001e-06 -4.998628e-06 9.998788e-04)
448           	(2.587339e-06 -4.971518e-06 9.998873e-04)
449           	(2.583427e-06 -4.940637e-06 9.998914e-04)
450           	(2.576155e-06 -4.871913e-06 9.998920e-04)
451           	(2.577657e-06 -4.833841e-06 9.999739e-04)
452           	(2.553626e-06 -4.864374e-06 9.999374e-04)
453           	(2.559013e-06 -4.777068e-06 9.998712e-04)
454           	(2.559574e-06 -4.722057e-06 9.998390e-04)
455           	(2.553951e-06 -4.704155e-06 9.998339e-04)
456           	(2.545835e-06 -4.697316e-06 9.998462e-04)
457           	(2.540611e-06 -4.687456e-06 9.998625e-04)
458           	(2.537589e-06 -4.669678e-06 9.998766e-04)
459           	(2.532296e-06 -4.644189e-06 9.998863e-04)
460           	(2.527253e-06 -4.614890e-06 9.998913e-04)
461           	(2.523380e-06 -4.584535e-06 9.998915e-04)
462           	(2.516609e-06 -4.518846e-06 9.998888e-04)
463           	(2.518477e-06 -4.483979e-06 9.999674e-04)
464           	(2.494021e-06 -4.517804e-06 9.999318e-04)
465           	(2.498826e-06 -4.434926e-06 9.998686e-04)
466           	(2.499061e-06 -4.384605e-06 9.998395e-04)
467           	(2.493419e-06 -4.370481e-06 9.998369e-04)
468           	(2.484909e-06 -4.367248e-06 9.998503e-04)
469           	(2.479262e-06 -4.360429e-06 9.998661e-04)
470           	(2.476397e-06 -4.345874e-06 9.998788e-04)
471           	(2.470708e-06 -4.323043e-06 9.998870e-04)
472           	(2.466246e-06 -4.297231e-06 9.998909e-04)
473           	(2.462358e-06 -4.269590e-06 9.998910e-04)
474           	(2.455911e-06 -4.207218e-06 9.998890e-04)
475           	(2.457247e-06 -4.175547e-06 9.999679e-04)
476           	(2.432776e-06 -4.211570e-06 9.999334e-04)
477           	(2.438022e-06 -4.132343e-06 9.998708e-04)
478           	(2.438418e-06 -4.084929e-06 9.998416e-04)
479           	(2.432692e-06 -4.072955e-06 9.998382e-04)
480           	(2.424681e-06 -4.072285e-06 9.998508e-04)
481           	(2.419376e-06 -4.067959e-06 9.998661e-04)
482           	(2.417265e-06 -4.055892e-06 9.998788e-04)
483           	(2.412188e-06 -4.035725e-06 9.998873e-04)
484           	(2.407606e-06 -4.012037e-06 9.998917e-04)
485           	(2.404612e-06 -3.951459e-06 9.998921e-04)
486           	(2.406920e-06 -3.920681e-06 9.999740e-04)
487           	(2.381067e-06 -3.957208e-06 9.999373e-04)
488           	(2.390064e-06 -3.878263e-06 9.998712e-04)
489           	(2.390684e-06 -3.830045e-06 9.998389e-04)
490           	(2.384233e-06 -3.818835e-06 9.998340e-04)
491           	(2.379717e-06 -3.819553e-06 9.998461e-04)
492           	(2.374256e-06 -3.816683e-06 9.998628e-04)
493           	(2.370588e-06 -3.805189e-06 9.998768e-04)
494           	(2.368738e-06 -3.787221e-06 9.998866e-04)
495           	(2.363854e-06 -3.764297e-06 9.998914e-04)
496           	(2.358631e-06 -3.740257e-06 9.998918e-04)
497           	(2.354991e-06 -3.681751e-06 9.998888e-04)
498           	(2.356709e-06 -3.653582e-06 9.999677e-04)
499           	(2.331155e-06 -3.693005e-06 9.999320e-04)
500           	(2.340346e-06 -3.617896e-06 9.998687e-04)
501           	(2.340925e-06 -3.573435e-06 9.998395e-04)
502           	(2.334082e-06 -3.565169e-06 9.998369e-04)
503           	(2.329138e-06 -3.568691e-06 9.998500e-04)
504           	(2.323607e-06 -3.567986e-06 9.998661e-04)
505           	(2.319766e-06 -3.558915e-06 9.998786e-04)
506           	(2.317695e-06 -3.543114e-06 9.998869e-04)
507           	(2.312686e-06 -3.522336e-06 9.998908e-04)
508           	(2.307703e-06 -3.500397e-06 9.998911e-04)
509           	(2.304867e-06 -3.444520e-06 9.998888e-04)
510           	(2.306704e-06 -3.418913e-06 9.999679e-04)
511           	(2.281059e-06 -3.460058e-06 9.999332e-04)
512           	(2.289412e-06 -3.387103e-06 9.998708e-04)
513           	(2.290255e-06 -3.344908e-06 9.998415e-04)
514           	(2.283334e-06 -3.338514e-06 9.998383e-04)
515           	(2.278765e-06 -3.344132e-06 9.998506e-04)
516           	(2.273490e-06 -3.345265e-06 9.998662e-04)
517           	(2.270236e-06 -3.338383e-06 9.998788e-04)
518           	(2.269028e-06 -3.324809e-06 9.998872e-04)
519           	(2.264423e-06 -3.306277e-06 9.998916e-04)
520           	(2.260104e-06 -3.251046e-06 9.998922e-04)
521           	(2.265715e-06 -3.226384e-06 9.999741e-04)
522           	(2.240192e-06 -3.268237e-06 9.999376e-04)
523           	(2.247359e-06 -3.193655e-06 9.998714e-04)
524           	(2.251147e-06 -3.151990e-06 9.998391e-04)
525           	(2.244217e-06 -3.145435e-06 9.998342e-04)
526           	(2.238625e-06 -3.151322e-06 9.998465e-04)
527           	(2.236987e-06 -3.154108e-06 9.998628e-04)
528           	(2.233418e-06 -3.147932e-06 9.998770e-04)
529           	(2.230547e-06 -3.134564e-06 9.998866e-04)
530           	(2.228975e-06 -3.117524e-06 9.998914e-04)
531           	(2.224179e-06 -3.097959e-06 9.998916e-04)
532           	(2.219531e-06 -3.044131e-06 9.998888e-04)
533           	(2.224513e-06 -3.021486e-06 9.999674e-04)
534           	(2.198661e-06 -3.065406e-06 9.999319e-04)
535           	(2.206249e-06 -2.994197e-06 9.998686e-04)
536           	(2.210416e-06 -2.955421e-06 9.998394e-04)
537           	(2.203453e-06 -2.951203e-06 9.998368e-04)
538           	(2.197642e-06 -2.959132e-06 9.998500e-04)
539           	(2.195520e-06 -2.963928e-06 9.998658e-04)
540           	(2.191858e-06 -2.959330e-06 9.998786e-04)
541           	(2.188801e-06 -2.947241e-06 9.998867e-04)
542           	(2.187204e-06 -2.932029e-06 9.998908e-04)
543           	(2.182205e-06 -2.914126e-06 9.998910e-04)
544           	(2.178201e-06 -2.862696e-06 9.998890e-04)
545           	(2.183225e-06 -2.841828e-06 9.999678e-04)
546           	(2.158016e-06 -2.887599e-06 9.999333e-04)
547           	(2.165243e-06 -2.818498e-06 9.998707e-04)
548           	(2.169272e-06 -2.781812e-06 9.998414e-04)
549           	(2.162606e-06 -2.779529e-06 9.998382e-04)
550           	(2.156820e-06 -2.788717e-06 9.998508e-04)
551           	(2.154664e-06 -2.795062e-06 9.998662e-04)
552           	(2.150979e-06 -2.792129e-06 9.998791e-04)
553           	(2.148369e-06 -2.782240e-06 9.998875e-04)
554           	(2.147309e-06 -2.768803e-06 9.998919e-04)
555           	(2.142961e-06 -2.717446e-06 9.998924e-04)
556           	(2.146855e-06 -2.696328e-06 9.999744e-04)
557           	(2.124941e-06 -2.743140e-06 9.999376e-04)
558           	(2.132408e-06 -2.672349e-06 9.998715e-04)
559           	(2.135054e-06 -2.634007e-06 9.998390e-04)
560           	(2.131440e-06 -2.632255e-06 9.998341e-04)
561           	(2.125573e-06 -2.641551e-06 9.998463e-04)
562           	(2.122825e-06 -2.647719e-06 9.998628e-04)
563           	(2.122879e-06 -2.646033e-06 9.998767e-04)
564           	(2.120191e-06 -2.636439e-06 9.998866e-04)
565           	(2.117487e-06 -2.622570e-06 9.998913e-04)
566           	(2.115642e-06 -2.607346e-06 9.998915e-04)
567           	(2.111214e-06 -2.556895e-06 9.998886e-04)
568           	(2.114632e-06 -2.537405e-06 9.999674e-04)
569           	(2.092448e-06 -2.585824e-06 9.999316e-04)
570           	(2.099456e-06 -2.517669e-06 9.998686e-04)
571           	(2.102672e-06 -2.482175e-06 9.998394e-04)
572           	(2.099690e-06 -2.482629e-06 9.998368e-04)
573           	(2.094018e-06 -2.493901e-06 9.998499e-04)
574           	(2.090679e-06 -2.501523e-06 9.998659e-04)
575           	(2.090441e-06 -2.501381e-06 9.998784e-04)
576           	(2.087474e-06 -2.492942e-06 9.998868e-04)
577           	(2.084484e-06 -2.480577e-06 9.998907e-04)
578           	(2.082597e-06 -2.467043e-06 9.998911e-04)
579           	(2.077962e-06 -2.418306e-06 9.998891e-04)
580           	(2.081709e-06 -2.400732e-06 9.999682e-04)
581           	(2.060051e-06 -2.450600e-06 9.999333e-04)
582           	(2.067098e-06 -2.384784e-06 9.998710e-04)
583           	(2.069756e-06 -2.350797e-06 9.998416e-04)
584           	(2.066280e-06 -2.352856e-06 9.998385e-04)
585           	(2.060506e-06 -2.365353e-06 9.998509e-04)
586           	(2.057157e-06 -2.374214e-06 9.998665e-04)
587           	(2.056649e-06 -2.375255e-06 9.998790e-04)
588           	(2.053513e-06 -2.368258e-06 9.998877e-04)
589           	(2.051282e-06 -2.357347e-06 9.998918e-04)
590           	(2.050551e-06 -2.309943e-06 9.998923e-04)
591           	(2.054406e-06 -2.291534e-06 9.999741e-04)
592           	(2.031411e-06 -2.340968e-06 9.999375e-04)
593           	(2.042128e-06 -2.273969e-06 9.998712e-04)
594           	(2.044998e-06 -2.238428e-06 9.998390e-04)
595           	(2.039858e-06 -2.238888e-06 9.998339e-04)
596           	(2.037099e-06 -2.252017e-06 9.998462e-04)
597           	(2.033701e-06 -2.260548e-06 9.998626e-04)
598           	(2.032517e-06 -2.261392e-06 9.998768e-04)
599           	(2.033369e-06 -2.255010e-06 9.998864e-04)
600           	(2.030769e-06 -2.244096e-06 9.998913e-04)
601           	(2.028034e-06 -2.231177e-06 9.998914e-04)
602           	(2.026837e-06 -2.184730e-06 9.998886e-04)
603           	(2.030307e-06 -2.167293e-06 9.999673e-04)
604           	(2.006897e-06 -2.218408e-06 9.999317e-04)
605           	(2.016996e-06 -2.153748e-06 9.998684e-04)
606           	(2.019546e-06 -2.120768e-06 9.998395e-04)
607           	(2.015088e-06 -2.123513e-06 9.998369e-04)
608           	(2.012747e-06 -2.138312e-06 9.998501e-04)
609           	(2.009380e-06 -2.148407e-06 9.998660e-04)
610           	(2.007747e-06 -2.150587e-06 9.998788e-04)
611           	(2.007839e-06 -2.145690e-06 9.998869e-04)
612           	(2.004636e-06 -2.135756e-06 9.998911e-04)
613           	(2.001746e-06 -2.124501e-06 9.998913e-04)
614           	(2.000023e-06 -2.079471e-06 9.998893e-04)
615           	(2.003084e-06 -2.063769e-06 9.999682e-04)
616           	(1.979523e-06 -2.115590e-06 9.999336e-04)
617           	(1.990053e-06 -2.053172e-06 9.998710e-04)
618           	(1.992967e-06 -2.021391e-06 9.998416e-04)
619           	(1.988411e-06 -2.025251e-06 9.998383e-04)
620           	(1.985649e-06 -2.040937e-06 9.998507e-04)
621           	(1.982448e-06 -2.052135e-06 9.998662e-04)
622           	(1.980961e-06 -2.055074e-06 9.998790e-04)
623           	(1.980991e-06 -2.051166e-06 9.998874e-04)
624           	(1.977790e-06 -2.041992e-06 9.998918e-04)
625           	(1.975459e-06 -1.996323e-06 9.998922e-04)
626           	(1.982710e-06 -1.981150e-06 9.999741e-04)
627           	(1.959855e-06 -2.032522e-06 9.999373e-04)
628           	(1.969448e-06 -1.967240e-06 9.998713e-04)
629           	(1.975664e-06 -1.934924e-06 9.998388e-04)
630           	(1.971029e-06 -1.937662e-06 9.998339e-04)
631           	(1.967308e-06 -1.952387e-06 9.998461e-04)
632           	(1.967092e-06 -1.964290e-06 9.998626e-04)
633           	(1.965239e-06 -1.966843e-06 9.998767e-04)
634           	(1.964269e-06 -1.962677e-06 9.998865e-04)
635           	(1.964579e-06 -1.954283e-06 9.998912e-04)
636           	(1.961754e-06 -1.943858e-06 9.998917e-04)
637           	(1.959588e-06 -1.898605e-06 9.998887e-04)
638           	(1.966107e-06 -1.884648e-06 9.999675e-04)
639           	(1.942507e-06 -1.937585e-06 9.999318e-04)
640           	(1.951482e-06 -1.875019e-06 9.998687e-04)
641           	(1.957093e-06 -1.844726e-06 9.998396e-04)
642           	(1.951908e-06 -1.849253e-06 9.998372e-04)
643           	(1.947532e-06 -1.865669e-06 9.998503e-04)
644           	(1.946916e-06 -1.879005e-06 9.998662e-04)
645           	(1.944895e-06 -1.882471e-06 9.998788e-04)
646           	(1.943866e-06 -1.879288e-06 9.998871e-04)
647           	(1.944446e-06 -1.871972e-06 9.998908e-04)
648           	(1.941159e-06 -1.862743e-06 9.998912e-04)
649           	(1.938512e-06 -1.818973e-06 9.998890e-04)
650           	(1.944936e-06 -1.806290e-06 9.999680e-04)
651           	(1.921397e-06 -1.859603e-06 9.999334e-04)
652           	(1.930322e-06 -1.798639e-06 9.998710e-04)
653           	(1.935506e-06 -1.769098e-06 9.998414e-04)
654           	(1.930411e-06 -1.774583e-06 9.998383e-04)
655           	(1.926330e-06 -1.791483e-06 9.998506e-04)
656           	(1.926451e-06 -1.805537e-06 9.998662e-04)
657           	(1.924943e-06 -1.809607e-06 9.998788e-04)
658           	(1.924004e-06 -1.807306e-06 9.998875e-04)
659           	(1.924519e-06 -1.800989e-06 9.998916e-04)
660           	(1.921826e-06 -1.757036e-06 9.998922e-04)
661           	(1.927441e-06 -1.742810e-06 9.999739e-04)
662           	(1.907319e-06 -1.797078e-06 9.999373e-04)
663           	(1.916138e-06 -1.733218e-06 9.998713e-04)
664           	(1.920479e-06 -1.702039e-06 9.998390e-04)
665           	(1.918546e-06 -1.707478e-06 9.998339e-04)
666           	(1.914585e-06 -1.723652e-06 9.998464e-04)
667           	(1.913378e-06 -1.737014e-06 9.998627e-04)
668           	(1.914592e-06 -1.742145e-06 9.998769e-04)
669           	(1.913266e-06 -1.739493e-06 9.998866e-04)
670           	(1.912036e-06 -1.732560e-06 9.998916e-04)
671           	(1.911997e-06 -1.724413e-06 9.998918e-04)
672           	(1.908711e-06 -1.680632e-06 9.998890e-04)
673           	(1.913571e-06 -1.667840e-06 9.999676e-04)
674           	(1.892732e-06 -1.723026e-06 9.999320e-04)
675           	(1.901222e-06 -1.661536e-06 9.998688e-04)
676           	(1.905644e-06 -1.632549e-06 9.998396e-04)
677           	(1.904050e-06 -1.639560e-06 9.998368e-04)
678           	(1.899682e-06 -1.657282e-06 9.998502e-04)
679           	(1.898092e-06 -1.671179e-06 9.998660e-04)
680           	(1.899066e-06 -1.677324e-06 9.998787e-04)
681           	(1.897470e-06 -1.675425e-06 9.998869e-04)
682           	(1.896040e-06 -1.668735e-06 9.998909e-04)
683           	(1.895544e-06 -1.661403e-06 9.998910e-04)
684           	(1.892251e-06 -1.619063e-06 9.998890e-04)
685           	(1.897148e-06 -1.607141e-06 9.999679e-04)
686           	(1.876778e-06 -1.662582e-06 9.999333e-04)
687           	(1.885834e-06 -1.602786e-06 9.998708e-04)
688           	(1.890154e-06 -1.574688e-06 9.998415e-04)
689           	(1.888181e-06 -1.582639e-06 9.998381e-04)
690           	(1.883781e-06 -1.600775e-06 9.998507e-04)
691           	(1.882204e-06 -1.615506e-06 9.998661e-04)
692           	(1.883251e-06 -1.622196e-06 9.998788e-04)
693           	(1.881572e-06 -1.620918e-06 9.998874e-04)
694           	(1.880167e-06 -1.615666e-06 9.998918e-04)
695           	(1.880322e-06 -1.573587e-06 9.998922e-04)
696           	(1.885669e-06 -1.561018e-06 9.999743e-04)
697           	(1.864426e-06 -1.615924e-06 9.999375e-04)
698           	(1.876334e-06 -1.554846e-06 9.998715e-04)
699           	(1.880488e-06 -1.524718e-06 9.998392e-04)
700           	(1.876795e-06 -1.531116e-06 9.998343e-04)
701           	(1.875502e-06 -1.549750e-06 9.998463e-04)
702           	(1.873424e-06 -1.563872e-06 9.998629e-04)
703           	(1.872890e-06 -1.569846e-06 9.998769e-04)
704           	(1.874218e-06 -1.569107e-06 9.998866e-04)
705           	(1.872496e-06 -1.563259e-06 9.998914e-04)
706           	(1.871166e-06 -1.555868e-06 9.998917e-04)
707           	(1.871569e-06 -1.514373e-06 9.998886e-04)
708           	(1.876203e-06 -1.502385e-06 9.999675e-04)
709           	(1.854099e-06 -1.558579e-06 9.999317e-04)
710           	(1.865578e-06 -1.499452e-06 9.998686e-04)
711           	(1.869184e-06 -1.470601e-06 9.998394e-04)
712           	(1.865719e-06 -1.478450e-06 9.998368e-04)
713           	(1.864025e-06 -1.498233e-06 9.998499e-04)
714           	(1.861660e-06 -1.512992e-06 9.998660e-04)
715           	(1.861096e-06 -1.519052e-06 9.998786e-04)
716           	(1.862756e-06 -1.519442e-06 9.998869e-04)
717           	(1.861421e-06 -1.514061e-06 9.998908e-04)
718           	(1.859737e-06 -1.507494e-06 9.998911e-04)
719           	(1.859560e-06 -1.466798e-06 9.998889e-04)
720           	(1.863988e-06 -1.456011e-06 9.999680e-04)
721           	(1.841706e-06 -1.512359e-06 9.999332e-04)
722           	(1.853137e-06 -1.454403e-06 9.998708e-04)
723           	(1.856500e-06 -1.426850e-06 9.998416e-04)
724           	(1.852659e-06 -1.435162e-06 9.998384e-04)
725           	(1.851013e-06 -1.455442e-06 9.998508e-04)
726           	(1.848852e-06 -1.471005e-06 9.998665e-04)
727           	(1.848696e-06 -1.478410e-06 9.998790e-04)
728           	(1.849784e-06 -1.479282e-06 9.998877e-04)
729           	(1.847995e-06 -1.474684e-06 9.998920e-04)
730           	(1.846504e-06 -1.433420e-06 9.998926e-04)
731           	(1.854558e-06 -1.422390e-06 9.999743e-04)
732           	(1.832238e-06 -1.477944e-06 9.999377e-04)
733           	(1.842337e-06 -1.417251e-06 9.998715e-04)
734           	(1.849021e-06 -1.388814e-06 9.998391e-04)
735           	(1.845031e-06 -1.395453e-06 9.998340e-04)
736           	(1.842487e-06 -1.414549e-06 9.998464e-04)
737           	(1.843671e-06 -1.430713e-06 9.998626e-04)
738           	(1.842986e-06 -1.437333e-06 9.998769e-04)
739           	(1.843156e-06 -1.436969e-06 9.998865e-04)
740           	(1.844035e-06 -1.432709e-06 9.998913e-04)
741           	(1.842053e-06 -1.425831e-06 9.998915e-04)
742           	(1.840388e-06 -1.384697e-06 9.998887e-04)
743           	(1.847644e-06 -1.374266e-06 9.999673e-04)
744           	(1.824848e-06 -1.430609e-06 9.999318e-04)
745           	(1.834931e-06 -1.371927e-06 9.998686e-04)
746           	(1.841702e-06 -1.345214e-06 9.998395e-04)
747           	(1.838071e-06 -1.353640e-06 9.998368e-04)
748           	(1.835019e-06 -1.373836e-06 9.998500e-04)
749           	(1.835818e-06 -1.390579e-06 9.998658e-04)
750           	(1.834564e-06 -1.397550e-06 9.998786e-04)
751           	(1.834355e-06 -1.398004e-06 9.998868e-04)
752           	(1.835264e-06 -1.394770e-06 9.998909e-04)
753           	(1.832649e-06 -1.388157e-06 9.998912e-04)
754           	(1.830601e-06 -1.348327e-06 9.998892e-04)
755           	(1.837591e-06 -1.338891e-06 9.999681e-04)
756           	(1.814837e-06 -1.396307e-06 9.999336e-04)
757           	(1.824957e-06 -1.338528e-06 9.998710e-04)
758           	(1.831213e-06 -1.313188e-06 9.998418e-04)
759           	(1.827079e-06 -1.322194e-06 9.998385e-04)
760           	(1.823805e-06 -1.342664e-06 9.998510e-04)
761           	(1.824269e-06 -1.359793e-06 9.998664e-04)
762           	(1.823127e-06 -1.367859e-06 9.998791e-04)
763           	(1.822438e-06 -1.368606e-06 9.998875e-04)
764           	(1.823247e-06 -1.365454e-06 9.998918e-04)
765           	(1.821253e-06 -1.324656e-06 9.998923e-04)
766           	(1.827964e-06 -1.314060e-06 9.999742e-04)
767           	(1.808985e-06 -1.371128e-06 9.999374e-04)
768           	(1.818791e-06 -1.311154e-06 9.998714e-04)
769           	(1.824044e-06 -1.282625e-06 9.998389e-04)
770           	(1.822886e-06 -1.291231e-06 9.998339e-04)
771           	(1.819469e-06 -1.310624e-06 9.998461e-04)
772           	(1.818858e-06 -1.326767e-06 9.998627e-04)
773           	(1.820550e-06 -1.334518e-06 9.998767e-04)
774           	(1.819935e-06 -1.334946e-06 9.998866e-04)
775           	(1.819671e-06 -1.330660e-06 9.998913e-04)
776           	(1.820633e-06 -1.325838e-06 9.998916e-04)
777           	(1.818762e-06 -1.285004e-06 9.998885e-04)
778           	(1.824647e-06 -1.275031e-06 9.999674e-04)
779           	(1.804779e-06 -1.333025e-06 9.999316e-04)
780           	(1.813954e-06 -1.275054e-06 9.998686e-04)
781           	(1.818857e-06 -1.248402e-06 9.998395e-04)
782           	(1.817533e-06 -1.258158e-06 9.998370e-04)
783           	(1.813491e-06 -1.278696e-06 9.998502e-04)
784           	(1.812160e-06 -1.295631e-06 9.998662e-04)
785           	(1.813655e-06 -1.304308e-06 9.998787e-04)
786           	(1.812663e-06 -1.305445e-06 9.998871e-04)
787           	(1.812426e-06 -1.302030e-06 9.998910e-04)
788           	(1.812666e-06 -1.297663e-06 9.998914e-04)
789           	(1.810144e-06 -1.258104e-06 9.998892e-04)
790           	(1.815614e-06 -1.248974e-06 9.999682e-04)
791           	(1.795493e-06 -1.307394e-06 9.999334e-04)
792           	(1.804625e-06 -1.250242e-06 9.998710e-04)
793           	(1.809256e-06 -1.224510e-06 9.998416e-04)
794           	(1.807626e-06 -1.234878e-06 9.998384e-04)
795           	(1.803818e-06 -1.255669e-06 9.998507e-04)
796           	(1.802836e-06 -1.273128e-06 9.998663e-04)
797           	(1.804953e-06 -1.282357e-06 9.998788e-04)
798           	(1.803841e-06 -1.283559e-06 9.998875e-04)
799           	(1.803410e-06 -1.280505e-06 9.998916e-04)
800           	(1.804385e-06 -1.241233e-06 9.998922e-04)
801           	(1.810069e-06 -1.230796e-06 9.999740e-04)
802           	(1.789037e-06 -1.287678e-06 9.999374e-04)
803           	(1.801700e-06 -1.228897e-06 9.998713e-04)
804           	(1.806109e-06 -1.201123e-06 9.998390e-04)
805           	(1.803388e-06 -1.209665e-06 9.998339e-04)
806           	(1.802401e-06 -1.230268e-06 9.998462e-04)
807           	(1.801392e-06 -1.247033e-06 9.998626e-04)
808           	(1.802100e-06 -1.255461e-06 9.998768e-04)
809           	(1.804283e-06 -1.256940e-06 9.998865e-04)
810           	(1.803350e-06 -1.253554e-06 9.998914e-04)
811           	(1.802254e-06 -1.248193e-06 9.998916e-04)
812           	(1.802491e-06 -1.209103e-06 9.998888e-04)
813           	(1.807606e-06 -1.199204e-06 9.999675e-04)
814           	(1.785610e-06 -1.257422e-06 9.999319e-04)
815           	(1.797488e-06 -1.200420e-06 9.998688e-04)
816           	(1.801458e-06 -1.174450e-06 9.998398e-04)
817           	(1.798642e-06 -1.184447e-06 9.998371e-04)
818           	(1.797868e-06 -1.206401e-06 9.998503e-04)
819           	(1.796103e-06 -1.223643e-06 9.998661e-04)
820           	(1.796164e-06 -1.232525e-06 9.998788e-04)
821           	(1.797930e-06 -1.234528e-06 9.998869e-04)
822           	(1.796530e-06 -1.231511e-06 9.998909e-04)
823           	(1.795232e-06 -1.226842e-06 9.998911e-04)
824           	(1.795507e-06 -1.188531e-06 9.998891e-04)
825           	(1.800203e-06 -1.179557e-06 9.999680e-04)
826           	(1.778391e-06 -1.238010e-06 9.999334e-04)
827           	(1.789878e-06 -1.181661e-06 9.998708e-04)
828           	(1.794152e-06 -1.156598e-06 9.998415e-04)
829           	(1.791616e-06 -1.166914e-06 9.998381e-04)
830           	(1.790664e-06 -1.188978e-06 9.998507e-04)
831           	(1.788995e-06 -1.206263e-06 9.998662e-04)
832           	(1.789280e-06 -1.215815e-06 9.998789e-04)
833           	(1.791001e-06 -1.218031e-06 9.998873e-04)
834           	(1.789769e-06 -1.215512e-06 9.998918e-04)
835           	(1.789004e-06 -1.175795e-06 9.998922e-04)
836           	(1.797172e-06 -1.166852e-06 9.999741e-04)
837           	(1.775223e-06 -1.224120e-06 9.999374e-04)
838           	(1.785928e-06 -1.165349e-06 9.998714e-04)
839           	(1.793413e-06 -1.138889e-06 9.998390e-04)
840           	(1.790358e-06 -1.147811e-06 9.998341e-04)
841           	(1.788095e-06 -1.168522e-06 9.998463e-04)
842           	(1.789200e-06 -1.186519e-06 9.998628e-04)
843           	(1.788793e-06 -1.195122e-06 9.998769e-04)
844           	(1.789045e-06 -1.196686e-06 9.998868e-04)
845           	(1.790637e-06 -1.194220e-06 9.998916e-04)
846           	(1.788848e-06 -1.189540e-06 9.998919e-04)
847           	(1.787280e-06 -1.149858e-06 9.998889e-04)
848           	(1.794798e-06 -1.141379e-06 9.999676e-04)
849           	(1.772340e-06 -1.199729e-06 9.999319e-04)
850           	(1.782992e-06 -1.142893e-06 9.998688e-04)
851           	(1.790282e-06 -1.117743e-06 9.998394e-04)
852           	(1.786641e-06 -1.128187e-06 9.998370e-04)
853           	(1.784065e-06 -1.149761e-06 9.998501e-04)
854           	(1.785112e-06 -1.168285e-06 9.998660e-04)
855           	(1.784350e-06 -1.177105e-06 9.998786e-04)
856           	(1.784164e-06 -1.178773e-06 9.998869e-04)
857           	(1.785500e-06 -1.176802e-06 9.998907e-04)
858           	(1.783208e-06 -1.172569e-06 9.998911e-04)
859           	(1.781712e-06 -1.133770e-06 9.998889e-04)
860           	(1.789213e-06 -1.125699e-06 9.999680e-04)
861           	(1.767224e-06 -1.184581e-06 9.999334e-04)
862           	(1.777914e-06 -1.128278e-06 9.998709e-04)
863           	(1.784882e-06 -1.104289e-06 9.998414e-04)
864           	(1.781129e-06 -1.114833e-06 9.998382e-04)
865           	(1.778582e-06 -1.136792e-06 9.998506e-04)
866           	(1.779166e-06 -1.155468e-06 9.998662e-04)
867           	(1.778446e-06 -1.164993e-06 9.998789e-04)
868           	(1.778509e-06 -1.167475e-06 9.998875e-04)
869           	(1.779633e-06 -1.165523e-06 9.998918e-04)
870           	(1.777776e-06 -1.126554e-06 9.998924e-04)
871           	(1.784426e-06 -1.117159e-06 9.999742e-04)
872           	(1.768371e-06 -1.171409e-06 9.999376e-04)
873           	(1.781440e-06 -1.108280e-06 9.998727e-04)
874           	(1.787916e-06 -1.080151e-06 9.998402e-04)
875           	(1.787808e-06 -1.088723e-06 9.998346e-04)
876           	(1.785223e-06 -1.108800e-06 9.998464e-04)
877           	(1.785212e-06 -1.125406e-06 9.998625e-04)
878           	(1.787844e-06 -1.134394e-06 9.998769e-04)
879           	(1.787953e-06 -1.135171e-06 9.998868e-04)
880           	(1.788142e-06 -1.132077e-06 9.998919e-04)
881           	(1.789344e-06 -1.127489e-06 9.998923e-04)
882           	(1.787577e-06 -1.087670e-06 9.998894e-04)
883           	(1.789334e-06 -1.086160e-06 9.999679e-04)
884           	(1.769220e-06 -1.147420e-06 9.999299e-04)
885           	(1.778876e-06 -1.090495e-06 9.998670e-04)
886           	(1.784235e-06 -1.066032e-06 9.998389e-04)
887           	(1.786403e-06 -1.072488e-06 9.998373e-04)
888           	(1.785465e-06 -1.090334e-06 9.998527e-04)
889           	(1.785359e-06 -1.106679e-06 9.998682e-04)
890           	(1.787755e-06 -1.115921e-06 9.998798e-04)
891           	(1.787177e-06 -1.116679e-06 9.998867e-04)
892           	(1.787034e-06 -1.114030e-06 9.998899e-04)
893           	(1.787962e-06 -1.109858e-06 9.998900e-04)
894           	(1.786279e-06 -1.071311e-06 9.998886e-04)
895           	(1.792901e-06 -1.062723e-06 9.999681e-04)
896           	(1.773418e-06 -1.122258e-06 9.999341e-04)
897           	(1.783300e-06 -1.065682e-06 9.998719e-04)
898           	(1.788703e-06 -1.040827e-06 9.998424e-04)
899           	(1.787772e-06 -1.051871e-06 9.998387e-04)
900           	(1.784494e-06 -1.073557e-06 9.998509e-04)
901           	(1.783842e-06 -1.091483e-06 9.998661e-04)
902           	(1.785479e-06 -1.101740e-06 9.998790e-04)
903           	(1.784601e-06 -1.103817e-06 9.998878e-04)
904           	(1.784430e-06 -1.101814e-06 9.998925e-04)
905           	(1.785821e-06 -1.063348e-06 9.998930e-04)
906           	(1.792355e-06 -1.054035e-06 9.999748e-04)
907           	(1.771788e-06 -1.111935e-06 9.999378e-04)
908           	(1.784679e-06 -1.054084e-06 9.998715e-04)
909           	(1.789903e-06 -1.026973e-06 9.998389e-04)
910           	(1.787593e-06 -1.036236e-06 9.998340e-04)
911           	(1.787362e-06 -1.057611e-06 9.998463e-04)
912           	(1.786475e-06 -1.075073e-06 9.998630e-04)
913           	(1.786977e-06 -1.084056e-06 9.998772e-04)
914           	(1.789026e-06 -1.085920e-06 9.998870e-04)
915           	(1.788271e-06 -1.083192e-06 9.998917e-04)
916           	(1.787765e-06 -1.079080e-06 9.998918e-04)
917           	(1.788951e-06 -1.040244e-06 9.998886e-04)
918           	(1.794554e-06 -1.031180e-06 9.999674e-04)
919           	(1.773688e-06 -1.090087e-06 9.999317e-04)
920           	(1.786302e-06 -1.033842e-06 9.998687e-04)
921           	(1.791036e-06 -1.008461e-06 9.998396e-04)
922           	(1.788497e-06 -1.019058e-06 9.998371e-04)
923           	(1.787932e-06 -1.041508e-06 9.998502e-04)
924           	(1.786188e-06 -1.059415e-06 9.998662e-04)
925           	(1.786431e-06 -1.068803e-06 9.998788e-04)
926           	(1.788295e-06 -1.071682e-06 9.998871e-04)
927           	(1.787539e-06 -1.069230e-06 9.998911e-04)
928           	(1.786862e-06 -1.065662e-06 9.998914e-04)
929           	(1.787310e-06 -1.027836e-06 9.998892e-04)
930           	(1.792466e-06 -1.020182e-06 9.999682e-04)
931           	(1.771077e-06 -1.079269e-06 9.999336e-04)
932           	(1.783009e-06 -1.024168e-06 9.998713e-04)
933           	(1.787349e-06 -9.996091e-07 9.998419e-04)
934           	(1.784367e-06 -1.010931e-06 9.998387e-04)
935           	(1.783169e-06 -1.033490e-06 9.998510e-04)
936           	(1.781543e-06 -1.052005e-06 9.998666e-04)
937           	(1.781777e-06 -1.061921e-06 9.998792e-04)
938           	(1.784004e-06 -1.065316e-06 9.998878e-04)
939           	(1.783421e-06 -1.063404e-06 9.998920e-04)
940           	(1.782862e-06 -1.024951e-06 9.998925e-04)
941           	(1.791697e-06 -1.016439e-06 9.999742e-04)
942           	(1.770078e-06 -1.074881e-06 9.999376e-04)
943           	(1.780841e-06 -1.016131e-06 9.998714e-04)
944           	(1.788530e-06 -9.904624e-07 9.998391e-04)
945           	(1.785371e-06 -9.997902e-07 9.998340e-04)
946           	(1.783172e-06 -1.021036e-06 9.998464e-04)
947           	(1.784520e-06 -1.038946e-06 9.998628e-04)
948           	(1.784466e-06 -1.048560e-06 9.998771e-04)
949           	(1.785459e-06 -1.050363e-06 9.998867e-04)
950           	(1.787849e-06 -1.048982e-06 9.998915e-04)
951           	(1.786436e-06 -1.044629e-06 9.998916e-04)
952           	(1.785401e-06 -1.005961e-06 9.998887e-04)
953           	(1.793759e-06 -9.979529e-07 9.999674e-04)
954           	(1.771564e-06 -1.057169e-06 9.999318e-04)
955           	(1.782217e-06 -1.000597e-06 9.998687e-04)
956           	(1.789419e-06 -9.760773e-07 9.998397e-04)
957           	(1.785612e-06 -9.868891e-07 9.998371e-04)
958           	(1.782974e-06 -1.009090e-06 9.998504e-04)
959           	(1.784174e-06 -1.028216e-06 9.998662e-04)
960           	(1.783738e-06 -1.038048e-06 9.998791e-04)
961           	(1.783927e-06 -1.040603e-06 9.998873e-04)
962           	(1.785343e-06 -1.039571e-06 9.998913e-04)
963           	(1.783510e-06 -1.035819e-06 9.998915e-04)
964           	(1.782170e-06 -9.979083e-07 9.998894e-04)
965           	(1.789907e-06 -9.908259e-07 9.999681e-04)
966           	(1.767387e-06 -1.050245e-06 9.999336e-04)
967           	(1.777525e-06 -9.943438e-07 9.998710e-04)
968           	(1.784673e-06 -9.711868e-07 9.998418e-04)
969           	(1.781448e-06 -9.823082e-07 9.998385e-04)
970           	(1.778952e-06 -1.004911e-06 9.998510e-04)
971           	(1.780300e-06 -1.024264e-06 9.998664e-04)
972           	(1.779428e-06 -1.034150e-06 9.998792e-04)
973           	(1.779768e-06 -1.037068e-06 9.998876e-04)
974           	(1.781284e-06 -1.036177e-06 9.998919e-04)
975           	(1.779672e-06 -9.973862e-07 9.998923e-04)
976           	(1.786392e-06 -9.882960e-07 9.999743e-04)
977           	(1.767524e-06 -1.047518e-06 9.999375e-04)
978           	(1.778152e-06 -9.893267e-07 9.998715e-04)
979           	(1.784525e-06 -9.632350e-07 9.998390e-04)
980           	(1.783968e-06 -9.736091e-07 9.998340e-04)
981           	(1.781254e-06 -9.950859e-07 9.998462e-04)
982           	(1.781030e-06 -1.013121e-06 9.998628e-04)
983           	(1.783418e-06 -1.023303e-06 9.998769e-04)
984           	(1.783127e-06 -1.025553e-06 9.998868e-04)
985           	(1.783378e-06 -1.023292e-06 9.998916e-04)
986           	(1.784022e-06 -1.020196e-06 9.998919e-04)
987           	(1.781864e-06 -9.811727e-07 9.998889e-04)
988           	(1.788430e-06 -9.730676e-07 9.999677e-04)
989           	(1.769214e-06 -1.033083e-06 9.999320e-04)
990           	(1.779072e-06 -9.768818e-07 9.998690e-04)
991           	(1.784328e-06 -9.521390e-07 9.998398e-04)
992           	(1.783418e-06 -9.639849e-07 9.998373e-04)
993           	(1.780141e-06 -9.863034e-07 9.998504e-04)
994           	(1.779368e-06 -1.005072e-06 9.998663e-04)
995           	(1.781126e-06 -1.015489e-06 9.998789e-04)
996           	(1.780288e-06 -1.018072e-06 9.998872e-04)
997           	(1.780302e-06 -1.016601e-06 9.998911e-04)
998           	(1.781480e-06 -1.013894e-06 9.998914e-04)
999           	(1.779426e-06 -9.759012e-07 9.998891e-04)
1000          	(1.785644e-06 -9.686365e-07 9.999681e-04)
