# Region type : patch pressure_outlet
# Faces       : 1920
# Area        : 1.948111e-03
# Scale factor: 1.000000e+00
# Time        	areaAverage(U)
1             	(5.086527e-02 -1.385736e-02 1.001323e+00)
2             	(5.028989e-02 -1.292098e-02 1.002466e+00)
3             	(4.980120e-02 -1.203205e-02 1.003256e+00)
4             	(4.937327e-02 -1.119706e-02 1.003690e+00)
5             	(4.898426e-02 -1.040567e-02 1.003836e+00)
6             	(4.861474e-02 -9.640055e-03 1.003770e+00)
7             	(4.824920e-02 -8.916141e-03 1.003556e+00)
8             	(4.789334e-02 -8.238984e-03 1.003248e+00)
9             	(4.754594e-02 -7.602762e-03 1.002892e+00)
10            	(4.720330e-02 -6.997438e-03 1.002510e+00)
11            	(4.687732e-02 -6.428683e-03 1.002120e+00)
12            	(4.656594e-02 -5.898110e-03 1.001730e+00)
13            	(4.626597e-02 -5.398189e-03 1.001345e+00)
14            	(4.597490e-02 -4.923705e-03 1.000956e+00)
15            	(4.569148e-02 -4.468936e-03 1.000563e+00)
16            	(4.542189e-02 -4.026166e-03 1.000188e+00)
17            	(4.516532e-02 -3.590913e-03 9.998448e-01)
18            	(4.492598e-02 -3.162269e-03 9.995482e-01)
19            	(4.470182e-02 -2.732752e-03 9.993164e-01)
20            	(4.449344e-02 -2.308189e-03 9.991616e-01)
21            	(4.430576e-02 -1.887639e-03 9.990955e-01)
22            	(4.413687e-02 -1.471777e-03 9.991154e-01)
23            	(4.398234e-02 -1.060335e-03 9.992101e-01)
24            	(4.384405e-02 -6.502402e-04 9.993619e-01)
25            	(4.371329e-02 -2.438204e-04 9.995515e-01)
26            	(4.358948e-02 1.663924e-04 9.997576e-01)
27            	(4.347434e-02 5.816236e-04 9.999615e-01)
28            	(4.336291e-02 1.004487e-03 1.000150e+00)
29            	(4.325480e-02 1.433131e-03 1.000307e+00)
30            	(4.315154e-02 1.866362e-03 1.000424e+00)
31            	(4.305192e-02 2.304368e-03 1.000494e+00)
32            	(4.295322e-02 2.747888e-03 1.000514e+00)
33            	(4.285408e-02 3.196956e-03 1.000492e+00)
34            	(4.275545e-02 3.651185e-03 1.000431e+00)
35            	(4.265528e-02 4.108768e-03 1.000345e+00)
36            	(4.255642e-02 4.569233e-03 1.000242e+00)
37            	(4.245470e-02 5.030497e-03 1.000137e+00)
38            	(4.235290e-02 5.495073e-03 1.000036e+00)
39            	(4.224669e-02 5.959893e-03 9.999474e-01)
40            	(4.214019e-02 6.426254e-03 9.998757e-01)
41            	(4.203155e-02 6.889486e-03 9.998271e-01)
42            	(4.191645e-02 7.352950e-03 9.997986e-01)
43            	(4.179085e-02 7.814686e-03 9.997915e-01)
44            	(4.165759e-02 8.275858e-03 9.997994e-01)
45            	(4.151261e-02 8.733735e-03 9.998231e-01)
46            	(4.135921e-02 9.186562e-03 9.998555e-01)
47            	(4.120059e-02 9.635781e-03 9.998936e-01)
48            	(4.103518e-02 1.008054e-02 9.999333e-01)
49            	(4.085935e-02 1.052188e-02 9.999694e-01)
50            	(4.067505e-02 1.096263e-02 9.999949e-01)
51            	(4.047736e-02 1.140058e-02 1.000010e+00)
52            	(4.027078e-02 1.183926e-02 1.000016e+00)
53            	(4.005139e-02 1.227789e-02 1.000011e+00)
54            	(3.982205e-02 1.271902e-02 9.999992e-01)
55            	(3.957958e-02 1.315950e-02 9.999769e-01)
56            	(3.932324e-02 1.359463e-02 9.999549e-01)
57            	(3.905237e-02 1.402548e-02 9.999304e-01)
58            	(3.876750e-02 1.445172e-02 9.999079e-01)
59            	(3.846881e-02 1.487262e-02 9.998855e-01)
60            	(3.815658e-02 1.528345e-02 9.998664e-01)
61            	(3.783126e-02 1.568683e-02 9.998495e-01)
62            	(3.749183e-02 1.608273e-02 9.998383e-01)
63            	(3.714125e-02 1.646833e-02 9.998312e-01)
64            	(3.677545e-02 1.684136e-02 9.998261e-01)
65            	(3.639947e-02 1.720372e-02 9.998262e-01)
66            	(3.600990e-02 1.755195e-02 9.998311e-01)
67            	(3.560639e-02 1.788584e-02 9.998420e-01)
68            	(3.519021e-02 1.820425e-02 9.998556e-01)
69            	(3.476050e-02 1.850520e-02 9.998703e-01)
70            	(3.431853e-02 1.879139e-02 9.998848e-01)
71            	(3.386567e-02 1.906333e-02 9.998984e-01)
72            	(3.340165e-02 1.932128e-02 9.999093e-01)
73            	(3.292920e-02 1.956463e-02 9.999147e-01)
74            	(3.244827e-02 1.979241e-02 9.999140e-01)
75            	(3.195920e-02 2.000540e-02 9.999095e-01)
76            	(3.146019e-02 2.020421e-02 9.998996e-01)
77            	(3.095144e-02 2.038617e-02 9.998847e-01)
78            	(3.043100e-02 2.055123e-02 9.998685e-01)
79            	(2.989953e-02 2.069966e-02 9.998514e-01)
80            	(2.935844e-02 2.083111e-02 9.998335e-01)
81            	(2.881247e-02 2.094586e-02 9.998174e-01)
82            	(2.826188e-02 2.104463e-02 9.998046e-01)
83            	(2.770262e-02 2.112907e-02 9.997939e-01)
84            	(2.713616e-02 2.119667e-02 9.997895e-01)
85            	(2.656584e-02 2.125000e-02 9.997907e-01)
86            	(2.599411e-02 2.128963e-02 9.997966e-01)
87            	(2.542177e-02 2.131632e-02 9.998049e-01)
88            	(2.484681e-02 2.133187e-02 9.998168e-01)
89            	(2.427383e-02 2.133609e-02 9.998289e-01)
90            	(2.373211e-02 2.136238e-02 9.998403e-01)
91            	(2.320408e-02 2.131669e-02 9.998524e-01)
92            	(2.264757e-02 2.129021e-02 9.998626e-01)
93            	(2.209904e-02 2.125851e-02 9.998679e-01)
94            	(2.155413e-02 2.122127e-02 9.998682e-01)
95            	(2.101296e-02 2.117986e-02 9.998641e-01)
96            	(2.047833e-02 2.113471e-02 9.998592e-01)
97            	(1.995245e-02 2.108439e-02 9.998525e-01)
98            	(1.943378e-02 2.102943e-02 9.998433e-01)
99            	(1.892188e-02 2.097060e-02 9.998316e-01)
100           	(1.841755e-02 2.090818e-02 9.998196e-01)
