# Region type : patch pressure_outlet
# Faces       : 6382
# Area        : 3.066803e-04
# Scale factor: 1.000000e+00
# Time        	areaAverage(U)
1             	(5.124395e-02 -4.811753e+01 -1.096765e-01)
2             	(1.963813e-02 -3.544514e+01 -7.362232e-02)
3             	(6.687996e-02 -4.870420e+00 -1.196592e-01)
4             	(4.990403e-02 1.195555e+01 -1.208207e-01)
5             	(-7.294986e-03 2.475405e+01 -5.928877e-02)
6             	(-5.115104e-03 3.119427e+01 -3.645747e-02)
7             	(-2.253090e-02 3.256632e+01 -8.601181e-02)
8             	(-3.049310e-02 3.010784e+01 9.514749e-02)
9             	(-6.342018e-02 2.462525e+01 -1.656537e-03)
10            	(-3.390742e-02 1.699825e+01 -1.246906e-02)
11            	(-1.332810e-01 8.561718e+00 1.937040e-02)
12            	(-1.799440e-01 3.188989e-01 2.317895e-02)
13            	(6.733982e-02 -6.027284e+00 1.466473e-02)
14            	(8.812116e-02 -1.017647e+01 -1.085718e-02)
15            	(7.133007e-02 -1.205697e+01 9.532601e-02)
16            	(1.150283e-01 -1.210779e+01 -5.871905e-04)
17            	(8.325292e-02 -1.081362e+01 9.447364e-03)
18            	(4.188364e-02 -8.623705e+00 1.534188e-01)
19            	(-7.642486e-04 -5.912711e+00 -2.477460e-02)
20            	(1.522522e-02 -3.040015e+00 7.456793e-02)
21            	(-3.556737e-02 -2.937705e-01 2.452002e-02)
22            	(-3.017663e-02 2.066559e+00 1.236937e-02)
23            	(-6.938311e-02 3.873686e+00 4.722942e-03)
24            	(-3.806907e-02 5.024857e+00 2.183573e-02)
25            	(-5.618218e-02 5.484354e+00 -1.440837e-02)
26            	(-6.879519e-02 5.283317e+00 -5.641825e-02)
27            	(-5.954887e-02 4.536324e+00 -3.419986e-02)
28            	(-7.112433e-02 3.407086e+00 -6.154036e-02)
29            	(-6.673077e-02 2.072042e+00 -6.794518e-02)
30            	(-7.799867e-02 7.000677e-01 -5.616954e-02)
31            	(-7.280971e-02 -5.732503e-01 -7.890301e-02)
32            	(-1.063337e-01 -1.631720e+00 -9.414954e-02)
33            	(-8.208651e-02 -2.396043e+00 -8.273952e-02)
34            	(-8.812544e-02 -2.816854e+00 -4.233156e-02)
35            	(-1.278691e-01 -2.894023e+00 -4.117091e-02)
36            	(-1.088973e-01 -2.656297e+00 -3.622084e-02)
37            	(-1.012227e-01 -2.165390e+00 -4.787537e-02)
38            	(-1.057339e-01 -1.502839e+00 -3.422440e-02)
39            	(-1.014190e-01 -7.572376e-01 -3.715528e-02)
40            	(-9.207978e-02 -1.608837e-02 -5.491321e-02)
41            	(-9.853034e-02 6.382927e-01 -6.912477e-02)
42            	(-9.066090e-02 1.141390e+00 -4.640410e-02)
43            	(-8.515608e-02 1.459627e+00 -4.545130e-02)
44            	(-9.180202e-02 1.578810e+00 -4.496616e-02)
45            	(-8.947074e-02 1.509460e+00 -6.272432e-02)
46            	(-1.009949e-01 1.281290e+00 -8.104659e-02)
47            	(-1.052458e-01 9.367081e-01 -9.400415e-02)
48            	(-1.150226e-01 5.274567e-01 -1.005426e-01)
49            	(-1.161289e-01 1.025071e-01 -1.053113e-01)
50            	(-1.454988e-01 -2.912497e-01 -1.054762e-01)
51            	(-1.443292e-01 -6.148470e-01 -1.088717e-01)
52            	(-1.432013e-01 -8.424244e-01 -8.846785e-02)
53            	(-1.389632e-01 -9.541990e-01 -8.409118e-02)
54            	(-1.405236e-01 -9.552192e-01 -9.017865e-02)
55            	(-1.133732e-01 -2.034328e+00 -1.014654e-01)
56            	(-1.096442e-01 -2.652261e+00 -9.481799e-02)
57            	(-8.419241e-02 -3.198537e+00 -7.410520e-02)
58            	(-1.772723e-01 -3.270587e+00 -5.459921e-02)
59            	(-1.208113e-01 -2.982898e+00 -2.032676e-02)
60            	(-2.055763e-01 -2.418753e+00 9.251965e-03)
61            	(-1.346213e-01 -1.681621e+00 5.291277e-02)
62            	(-1.365096e-01 -8.754953e-01 -2.215984e-02)
63            	(-1.168201e-01 -1.020746e-01 8.946924e-03)
64            	(-8.275855e-02 5.480384e-01 -2.693173e-02)
65            	(-1.108670e-01 1.034015e+00 -1.853782e-02)
66            	(-1.413908e-01 1.318417e+00 1.097437e-02)
67            	(-1.473987e-01 1.402366e+00 1.178604e-03)
68            	(-1.272257e-01 1.293395e+00 3.624612e-02)
69            	(-1.396364e-01 1.038220e+00 5.245210e-02)
70            	(-1.484809e-01 6.697736e-01 5.328807e-02)
71            	(-1.599986e-01 2.569471e-01 5.689064e-02)
72            	(-1.509408e-01 -1.536980e-01 2.191102e-02)
73            	(-1.402151e-01 -5.263228e-01 2.270273e-02)
74            	(-1.461511e-01 -8.162539e-01 6.183613e-03)
75            	(-1.279619e-01 -1.002839e+00 7.338143e-03)
76            	(-1.085799e-01 -1.081060e+00 6.933898e-03)
77            	(-1.143035e-01 -1.051120e+00 -1.448510e-02)
78            	(-1.239953e-01 -9.299534e-01 -9.919253e-03)
79            	(-1.002655e-01 -7.409375e-01 -4.454209e-02)
80            	(-8.926419e-02 -5.150941e-01 -6.521787e-02)
81            	(-1.016052e-01 -2.719451e-01 -6.747454e-02)
82            	(-1.184293e-01 -4.186031e-02 -8.352208e-02)
83            	(-1.179091e-01 1.529783e-01 -5.470439e-02)
84            	(-1.289293e-01 2.982582e-01 -6.757966e-02)
85            	(-1.402548e-01 3.862485e-01 -6.712096e-02)
86            	(-1.386510e-01 4.164861e-01 -9.484607e-02)
87            	(-1.514924e-01 3.946668e-01 -8.081955e-02)
88            	(-1.593297e-01 3.297717e-01 -8.761113e-02)
89            	(-1.658196e-01 2.307344e-01 -8.837529e-02)
90            	(-1.602498e-01 1.113599e-01 -7.645766e-02)
91            	(-1.616347e-01 -1.038665e-02 -9.354207e-02)
92            	(-1.502927e-01 -1.217276e-01 -9.924868e-02)
93            	(-1.502159e-01 -2.111649e-01 -1.167692e-01)
94            	(-1.508806e-01 -2.740618e-01 -1.226025e-01)
95            	(-1.810970e-01 -3.063846e-01 -1.280868e-01)
96            	(-1.887419e-01 -3.110215e-01 -1.299561e-01)
97            	(-1.882483e-01 -2.920473e-01 -1.289292e-01)
98            	(-1.781686e-01 -2.509597e-01 -1.193043e-01)
99            	(-1.781306e-01 -1.968368e-01 -9.386403e-02)
100           	(-1.560072e-01 -1.329515e-01 -1.072963e-01)
101           	(-1.594776e-01 -7.030039e-02 -1.187532e-01)
102           	(-1.534581e-01 -1.344638e-02 -1.081364e-01)
103           	(-1.551022e-01 3.138165e-02 -1.076635e-01)
104           	(-1.583203e-01 6.088646e-02 -1.009982e-01)
105           	(-1.659976e-01 7.282124e-02 -1.080785e-01)
106           	(-1.583880e-01 7.004348e-02 -1.012360e-01)
107           	(-1.632763e-01 5.672782e-02 -1.059432e-01)
108           	(-1.552533e-01 3.522029e-02 -1.163442e-01)
109           	(-1.494141e-01 7.485949e-03 -1.116939e-01)
110           	(-1.302161e-01 -2.301915e-02 -9.944322e-02)
111           	(-1.401776e-01 -5.193177e-02 -1.028582e-01)
112           	(-1.426954e-01 -7.493547e-02 -9.127466e-02)
113           	(-1.551169e-01 -9.493688e-02 -9.935255e-02)
114           	(-1.651377e-01 -1.061603e-01 -9.482881e-02)
115           	(-1.767020e-01 -1.071367e-01 -1.131583e-01)
116           	(-1.900671e-01 -1.010595e-01 -1.365718e-01)
117           	(-1.917720e-01 -8.847027e-02 -1.321650e-01)
118           	(-1.926080e-01 -7.152772e-02 -1.426317e-01)
119           	(-1.954545e-01 -5.410457e-02 -1.476801e-01)
120           	(-1.992182e-01 -4.000371e-02 -1.588249e-01)
121           	(-2.069931e-01 -2.690578e-02 -1.688174e-01)
122           	(-2.101542e-01 -1.748102e-02 -1.777560e-01)
123           	(-2.113405e-01 -9.294302e-03 -1.703599e-01)
124           	(-2.253130e-01 -2.693285e-03 -1.688957e-01)
125           	(-2.157192e-01 1.011788e-03 -1.593780e-01)
126           	(-2.191505e-01 7.202476e-04 -1.541604e-01)
127           	(-2.184765e-01 -3.316795e-03 -1.482194e-01)
128           	(-2.097650e-01 -1.059798e-02 -1.451051e-01)
129           	(-2.104222e-01 -2.052614e-02 -1.546418e-01)
130           	(-2.110422e-01 -3.148317e-02 -1.564279e-01)
131           	(-2.064046e-01 -3.935789e-02 -1.539530e-01)
132           	(-2.165311e-01 -4.392530e-02 -1.299640e-01)
133           	(-2.312452e-01 -4.536397e-02 -1.433716e-01)
134           	(-2.250197e-01 -4.637868e-02 -1.418339e-01)
135           	(-2.195145e-01 -4.621612e-02 -1.156565e-01)
136           	(-2.198671e-01 -4.553473e-02 -1.179460e-01)
137           	(-2.265574e-01 -4.288759e-02 -1.383364e-01)
138           	(-2.228072e-01 -3.846524e-02 -1.277250e-01)
139           	(-2.125466e-01 -3.291979e-02 -1.180347e-01)
140           	(-2.014117e-01 -2.870345e-02 -1.085225e-01)
141           	(-1.925066e-01 -2.291628e-02 -1.054358e-01)
142           	(-1.830469e-01 -1.713509e-02 -9.366988e-02)
143           	(-1.878908e-01 -1.210870e-02 -8.535048e-02)
144           	(-1.942531e-01 -8.668027e-03 -6.399176e-02)
145           	(-1.910241e-01 -7.133507e-03 -6.309228e-02)
146           	(-1.835765e-01 -7.335531e-03 -7.161783e-02)
147           	(-1.787429e-01 -9.082821e-03 -6.515403e-02)
148           	(-1.751738e-01 -1.274483e-02 -5.532885e-02)
149           	(-1.821928e-01 -1.744667e-02 -4.857923e-02)
150           	(-1.837006e-01 -2.250354e-02 -4.792719e-02)
151           	(-1.921029e-01 -2.945511e-02 -4.516125e-02)
152           	(-1.858701e-01 -3.461309e-02 -3.916336e-02)
153           	(-1.864862e-01 -3.623398e-02 -3.536409e-02)
154           	(-1.894883e-01 -3.713985e-02 -4.903709e-02)
155           	(-1.926509e-01 -3.569664e-02 -2.705974e-02)
156           	(-1.942840e-01 -3.234670e-02 -2.767815e-02)
157           	(-1.932380e-01 -2.842373e-02 -1.434144e-02)
158           	(-2.017687e-01 -2.445283e-02 -2.504137e-02)
159           	(-1.905803e-01 -2.031690e-02 -1.345768e-02)
160           	(-1.903502e-01 -1.706524e-02 -1.212564e-02)
161           	(-1.798271e-01 -1.508396e-02 8.467327e-03)
162           	(-1.753542e-01 -1.488972e-02 2.612167e-02)
163           	(-1.780804e-01 -1.433625e-02 4.281848e-02)
164           	(-1.777626e-01 -1.398276e-02 7.558735e-02)
165           	(-1.712442e-01 -1.435512e-02 8.467654e-02)
166           	(-1.691648e-01 -1.364854e-02 7.058867e-02)
167           	(-1.645846e-01 -1.410204e-02 7.736248e-02)
168           	(-1.666538e-01 -1.585023e-02 7.972594e-02)
169           	(-1.596534e-01 -1.810334e-02 8.127325e-02)
170           	(-1.614909e-01 -1.921472e-02 1.016124e-01)
171           	(-1.722791e-01 -2.105506e-02 9.610404e-02)
172           	(-1.760395e-01 -2.335483e-02 1.173864e-01)
173           	(-1.874325e-01 -2.395117e-02 9.826169e-02)
174           	(-1.802739e-01 -2.414651e-02 1.271700e-01)
175           	(-1.796351e-01 -2.306301e-02 1.262546e-01)
176           	(-1.686785e-01 -2.113387e-02 1.501561e-01)
177           	(-1.592808e-01 -1.864939e-02 1.427093e-01)
178           	(-1.578717e-01 -1.632703e-02 1.588161e-01)
179           	(-1.612416e-01 -1.513980e-02 1.542257e-01)
180           	(-1.586970e-01 -1.395304e-02 1.599700e-01)
181           	(-1.608914e-01 -1.285680e-02 1.618417e-01)
182           	(-1.596440e-01 -1.198899e-02 1.673846e-01)
183           	(-1.611804e-01 -1.137468e-02 1.782156e-01)
184           	(-1.680172e-01 -1.078971e-02 1.924212e-01)
185           	(-1.657564e-01 -1.014822e-02 1.909393e-01)
186           	(-1.664106e-01 -9.783267e-03 1.960989e-01)
187           	(-1.666392e-01 -9.933592e-03 2.084277e-01)
188           	(-1.585641e-01 -1.135642e-02 2.088068e-01)
189           	(-1.668756e-01 -1.282053e-02 2.099874e-01)
190           	(-1.608545e-01 -1.378288e-02 2.156562e-01)
191           	(-1.577054e-01 -1.463562e-02 2.200084e-01)
192           	(-1.547312e-01 -1.536726e-02 2.240058e-01)
193           	(-1.594385e-01 -1.604236e-02 2.248734e-01)
194           	(-1.601791e-01 -1.747371e-02 2.127279e-01)
195           	(-1.580467e-01 -1.900914e-02 2.117736e-01)
196           	(-1.500999e-01 -2.035159e-02 2.100068e-01)
197           	(-1.426630e-01 -2.024726e-02 2.078610e-01)
198           	(-1.495506e-01 -1.944694e-02 1.916560e-01)
199           	(-1.443426e-01 -1.798801e-02 1.992099e-01)
200           	(-1.412320e-01 -1.683695e-02 1.953126e-01)
201           	(-1.381335e-01 -1.682183e-02 2.054975e-01)
202           	(-1.357212e-01 -1.742501e-02 1.952848e-01)
203           	(-1.276484e-01 -1.735508e-02 1.914387e-01)
204           	(-1.293977e-01 -1.666185e-02 1.908934e-01)
205           	(-1.158053e-01 -1.696118e-02 1.986076e-01)
206           	(-9.565876e-02 -1.775306e-02 2.043562e-01)
207           	(-8.428840e-02 -1.962674e-02 1.978248e-01)
208           	(-9.034298e-02 -2.151442e-02 1.958851e-01)
209           	(-8.668855e-02 -2.315386e-02 2.031662e-01)
210           	(-7.835981e-02 -2.428821e-02 2.002585e-01)
211           	(-7.550630e-02 -2.501254e-02 2.055939e-01)
212           	(-5.721024e-02 -2.536369e-02 2.033269e-01)
213           	(-5.633038e-02 -2.529639e-02 2.193374e-01)
214           	(-4.712637e-02 -2.483001e-02 2.176374e-01)
215           	(-5.011296e-02 -2.435990e-02 2.070699e-01)
216           	(-5.168848e-02 -2.357608e-02 2.079394e-01)
217           	(-5.185101e-02 -2.289573e-02 1.858412e-01)
218           	(-3.980635e-02 -2.253332e-02 1.808298e-01)
219           	(-4.550240e-02 -2.312191e-02 1.784970e-01)
220           	(-4.230109e-02 -2.331106e-02 1.734418e-01)
221           	(-4.201970e-02 -2.342172e-02 1.624557e-01)
222           	(-2.656613e-02 -2.364641e-02 1.568356e-01)
223           	(-1.393109e-02 -2.418684e-02 1.544565e-01)
224           	(-1.740077e-02 -2.424028e-02 1.628961e-01)
225           	(-1.279214e-02 -2.495029e-02 1.590150e-01)
226           	(-1.163916e-02 -2.665926e-02 1.577728e-01)
227           	(-1.354258e-02 -2.708076e-02 1.458524e-01)
228           	(-7.807436e-03 -2.613096e-02 1.414629e-01)
229           	(-2.490088e-03 -2.456383e-02 1.404900e-01)
230           	(3.623632e-03 -2.305142e-02 1.435410e-01)
231           	(1.686285e-02 -2.181941e-02 1.354828e-01)
232           	(2.536828e-02 -2.137967e-02 1.311663e-01)
233           	(3.144817e-02 -2.192516e-02 1.257242e-01)
234           	(2.805420e-02 -2.285167e-02 1.313115e-01)
235           	(3.637739e-02 -2.422332e-02 1.303634e-01)
236           	(3.971942e-02 -2.568923e-02 1.258412e-01)
237           	(4.459581e-02 -2.677018e-02 1.277489e-01)
238           	(5.453699e-02 -2.711843e-02 1.145671e-01)
239           	(6.353954e-02 -2.627469e-02 1.175220e-01)
240           	(5.644320e-02 -2.457584e-02 1.095199e-01)
241           	(5.432610e-02 -2.191614e-02 1.105323e-01)
242           	(5.796866e-02 -1.961062e-02 1.057000e-01)
243           	(6.158885e-02 -1.670416e-02 1.089315e-01)
244           	(6.457032e-02 -1.450650e-02 9.314541e-02)
245           	(7.358116e-02 -1.337531e-02 8.660408e-02)
246           	(7.059755e-02 -1.295308e-02 9.017511e-02)
247           	(7.755013e-02 -1.340115e-02 8.656324e-02)
248           	(7.396220e-02 -1.504096e-02 8.742642e-02)
249           	(8.650270e-02 -1.724551e-02 9.341546e-02)
250           	(8.226726e-02 -1.994945e-02 9.070480e-02)
251           	(8.768109e-02 -2.215480e-02 7.764992e-02)
252           	(9.838153e-02 -2.384065e-02 1.028567e-01)
253           	(9.761286e-02 -2.476404e-02 9.133218e-02)
254           	(9.729304e-02 -2.558141e-02 1.000393e-01)
255           	(1.082717e-01 -2.347482e-02 9.958810e-02)
256           	(1.144087e-01 -2.044734e-02 9.169460e-02)
257           	(1.149843e-01 -1.761981e-02 9.514055e-02)
258           	(1.213090e-01 -1.547071e-02 9.541015e-02)
259           	(1.272932e-01 -1.404644e-02 1.071975e-01)
260           	(1.322582e-01 -1.384334e-02 1.033864e-01)
261           	(1.363729e-01 -1.475562e-02 9.529687e-02)
262           	(1.385852e-01 -1.626129e-02 9.303124e-02)
263           	(1.390149e-01 -1.792984e-02 9.371842e-02)
264           	(1.513175e-01 -1.967157e-02 9.682488e-02)
265           	(1.483407e-01 -2.105398e-02 9.693091e-02)
266           	(1.510671e-01 -2.250905e-02 9.607845e-02)
267           	(1.520298e-01 -2.350255e-02 1.025656e-01)
268           	(1.530641e-01 -2.411796e-02 1.161272e-01)
269           	(1.645248e-01 -2.405261e-02 1.294037e-01)
270           	(1.679761e-01 -2.354765e-02 1.382524e-01)
271           	(1.724562e-01 -2.312578e-02 1.574038e-01)
272           	(1.795246e-01 -2.238056e-02 1.627532e-01)
273           	(1.776375e-01 -2.185814e-02 1.615702e-01)
274           	(1.817648e-01 -2.150878e-02 1.627048e-01)
275           	(1.845600e-01 -2.114857e-02 1.687157e-01)
276           	(1.844732e-01 -2.129079e-02 1.754838e-01)
277           	(1.836165e-01 -2.156461e-02 1.753646e-01)
278           	(1.812100e-01 -2.316470e-02 1.759939e-01)
279           	(1.848761e-01 -2.300598e-02 1.825298e-01)
280           	(1.811547e-01 -2.264448e-02 1.871436e-01)
281           	(1.802459e-01 -2.176636e-02 1.805234e-01)
282           	(1.772787e-01 -2.062324e-02 1.834028e-01)
283           	(1.771268e-01 -1.881298e-02 1.851883e-01)
284           	(1.779303e-01 -1.671936e-02 2.026023e-01)
285           	(1.823670e-01 -1.479365e-02 2.043169e-01)
286           	(1.842760e-01 -1.313960e-02 2.112497e-01)
287           	(1.843706e-01 -1.209624e-02 2.149334e-01)
288           	(1.865641e-01 -1.243681e-02 2.187184e-01)
289           	(1.845528e-01 -1.266584e-02 2.175017e-01)
290           	(1.865279e-01 -1.309081e-02 2.209258e-01)
291           	(1.878240e-01 -1.375251e-02 2.118419e-01)
292           	(1.908989e-01 -1.493339e-02 2.278537e-01)
293           	(1.933616e-01 -1.596458e-02 2.339399e-01)
294           	(1.974025e-01 -1.662563e-02 2.328943e-01)
295           	(1.978398e-01 -1.737660e-02 2.317121e-01)
296           	(1.982669e-01 -1.860456e-02 2.316673e-01)
297           	(1.991586e-01 -1.997348e-02 2.340138e-01)
298           	(2.004491e-01 -2.122422e-02 2.389211e-01)
299           	(2.007958e-01 -2.218247e-02 2.531513e-01)
300           	(2.024470e-01 -2.257736e-02 2.759895e-01)
301           	(2.059774e-01 -2.299275e-02 2.819367e-01)
302           	(2.045976e-01 -2.320127e-02 2.770405e-01)
303           	(2.050843e-01 -2.317054e-02 2.858340e-01)
304           	(2.040596e-01 -2.348376e-02 2.857559e-01)
305           	(2.125927e-01 -2.283049e-02 2.834634e-01)
306           	(2.087046e-01 -2.172848e-02 2.864517e-01)
307           	(2.121962e-01 -2.027131e-02 2.875412e-01)
308           	(2.141361e-01 -1.929619e-02 3.034434e-01)
309           	(2.119766e-01 -1.845642e-02 2.951149e-01)
310           	(2.143442e-01 -1.734265e-02 3.100828e-01)
311           	(2.213235e-01 -1.589748e-02 3.007585e-01)
312           	(2.218461e-01 -1.461704e-02 2.996500e-01)
313           	(2.276650e-01 -1.378353e-02 3.106101e-01)
314           	(2.309839e-01 -1.404536e-02 3.023542e-01)
315           	(2.316319e-01 -1.446396e-02 3.162390e-01)
316           	(2.335115e-01 -1.509337e-02 3.369155e-01)
317           	(2.290271e-01 -1.589734e-02 3.380544e-01)
318           	(2.304303e-01 -1.702968e-02 3.461276e-01)
319           	(2.330487e-01 -1.816867e-02 3.544497e-01)
320           	(2.348234e-01 -1.903747e-02 3.569195e-01)
321           	(2.362406e-01 -1.935146e-02 3.592306e-01)
322           	(2.354095e-01 -1.914703e-02 3.672415e-01)
323           	(2.333668e-01 -1.877846e-02 3.795424e-01)
324           	(2.368846e-01 -1.837910e-02 3.892169e-01)
325           	(2.388278e-01 -1.834410e-02 3.951822e-01)
326           	(2.412641e-01 -1.861312e-02 4.027923e-01)
327           	(2.418626e-01 -1.850814e-02 4.148080e-01)
328           	(2.499629e-01 -1.815213e-02 4.062102e-01)
329           	(2.488224e-01 -1.762863e-02 4.225684e-01)
330           	(2.502367e-01 -1.710011e-02 4.206480e-01)
331           	(2.525700e-01 -1.676421e-02 4.315512e-01)
332           	(2.707958e-01 -1.621133e-02 4.184905e-01)
333           	(2.739228e-01 -1.530765e-02 4.202464e-01)
334           	(2.729436e-01 -1.457744e-02 4.328140e-01)
335           	(2.808761e-01 -1.410160e-02 4.246964e-01)
336           	(2.787201e-01 -1.393682e-02 4.215487e-01)
337           	(2.765421e-01 -1.395755e-02 4.319579e-01)
338           	(2.744421e-01 -1.464277e-02 4.357300e-01)
339           	(2.708611e-01 -1.605527e-02 4.434721e-01)
340           	(2.743852e-01 -1.742979e-02 4.468272e-01)
341           	(2.755235e-01 -1.855028e-02 4.475660e-01)
342           	(2.735352e-01 -1.898208e-02 4.495029e-01)
343           	(2.721464e-01 -1.874702e-02 4.525098e-01)
344           	(2.705411e-01 -1.799230e-02 4.647555e-01)
345           	(2.700809e-01 -1.685581e-02 4.757505e-01)
346           	(2.670395e-01 -1.560391e-02 4.829880e-01)
347           	(2.677462e-01 -1.448882e-02 4.809484e-01)
348           	(2.616668e-01 -1.364026e-02 4.918350e-01)
349           	(2.594005e-01 -1.285375e-02 5.032366e-01)
350           	(2.563700e-01 -1.221849e-02 5.177069e-01)
351           	(2.526307e-01 -1.179418e-02 5.329211e-01)
352           	(2.517720e-01 -1.210054e-02 5.353869e-01)
353           	(2.520497e-01 -1.265720e-02 5.380014e-01)
354           	(2.542271e-01 -1.417932e-02 5.306880e-01)
355           	(2.495965e-01 -1.426055e-02 5.311023e-01)
356           	(2.629461e-01 -1.349887e-02 5.312427e-01)
357           	(2.599599e-01 -1.244264e-02 5.410182e-01)
358           	(2.654698e-01 -1.159084e-02 5.339384e-01)
359           	(2.670668e-01 -1.083677e-02 5.259067e-01)
360           	(2.621404e-01 -1.016066e-02 5.393295e-01)
361           	(2.614125e-01 -9.632006e-03 5.537672e-01)
362           	(2.624322e-01 -9.155558e-03 5.653429e-01)
363           	(2.628520e-01 -8.797945e-03 5.707163e-01)
364           	(2.552248e-01 -8.660530e-03 5.865424e-01)
365           	(2.480413e-01 -8.765721e-03 5.867743e-01)
366           	(2.481485e-01 -9.103395e-03 5.852273e-01)
367           	(2.471244e-01 -9.594163e-03 5.902019e-01)
368           	(2.469261e-01 -9.912381e-03 5.960649e-01)
369           	(2.483601e-01 -9.817645e-03 5.972721e-01)
370           	(2.510140e-01 -9.981518e-03 6.158027e-01)
371           	(2.573694e-01 -1.167383e-02 6.358696e-01)
372           	(2.554198e-01 -1.410666e-02 6.303996e-01)
373           	(2.492423e-01 -1.637271e-02 6.321863e-01)
374           	(2.516500e-01 -1.871791e-02 6.353964e-01)
375           	(2.491073e-01 -1.974254e-02 6.390924e-01)
376           	(2.539666e-01 -1.982585e-02 6.413935e-01)
377           	(2.574016e-01 -2.063570e-02 6.375635e-01)
378           	(2.554794e-01 -2.158167e-02 6.304508e-01)
379           	(2.576542e-01 -2.178871e-02 6.355670e-01)
380           	(2.623393e-01 -2.112906e-02 6.529997e-01)
381           	(2.566770e-01 -1.971016e-02 6.595022e-01)
382           	(2.569663e-01 -1.829846e-02 6.600647e-01)
383           	(2.579925e-01 -1.701123e-02 6.635681e-01)
384           	(2.575095e-01 -1.591209e-02 6.700137e-01)
385           	(2.622756e-01 -1.506747e-02 6.741966e-01)
386           	(2.634737e-01 -1.470500e-02 6.804547e-01)
387           	(2.669248e-01 -1.466976e-02 6.750589e-01)
388           	(2.679727e-01 -1.501510e-02 6.922965e-01)
389           	(2.722956e-01 -1.560593e-02 7.005326e-01)
390           	(2.834963e-01 -1.628108e-02 7.008669e-01)
391           	(2.982815e-01 -1.700643e-02 7.115962e-01)
392           	(3.064391e-01 -1.753783e-02 7.079359e-01)
393           	(2.984153e-01 -1.800842e-02 7.109372e-01)
394           	(3.108503e-01 -1.778205e-02 7.148961e-01)
395           	(3.231220e-01 -1.725867e-02 7.203964e-01)
396           	(3.185974e-01 -1.666225e-02 7.164925e-01)
397           	(3.241513e-01 -1.600273e-02 7.216058e-01)
398           	(3.211289e-01 -1.524804e-02 7.281745e-01)
399           	(3.173103e-01 -1.453981e-02 7.401720e-01)
400           	(3.116474e-01 -1.394226e-02 7.451834e-01)
401           	(3.157577e-01 -1.349649e-02 7.399466e-01)
402           	(3.174451e-01 -1.309817e-02 7.430774e-01)
403           	(3.208836e-01 -1.318520e-02 7.643850e-01)
404           	(3.229631e-01 -1.408750e-02 7.679270e-01)
405           	(3.256834e-01 -1.495117e-02 7.621305e-01)
406           	(3.305249e-01 -1.576849e-02 7.612896e-01)
407           	(3.348656e-01 -1.623433e-02 7.515524e-01)
408           	(3.358591e-01 -1.672039e-02 7.491829e-01)
409           	(3.329421e-01 -1.683071e-02 7.392143e-01)
410           	(3.350043e-01 -1.640049e-02 7.400298e-01)
411           	(3.313359e-01 -1.567700e-02 7.533037e-01)
412           	(3.294963e-01 -1.473833e-02 7.580241e-01)
413           	(3.240324e-01 -1.392573e-02 7.637329e-01)
414           	(3.223929e-01 -1.351319e-02 7.676505e-01)
415           	(3.256022e-01 -1.313817e-02 7.718305e-01)
416           	(3.261169e-01 -1.278668e-02 7.741444e-01)
417           	(3.260005e-01 -1.246219e-02 7.716071e-01)
418           	(3.245797e-01 -1.263841e-02 7.727570e-01)
419           	(3.265690e-01 -1.290231e-02 7.794610e-01)
420           	(3.263948e-01 -1.334428e-02 7.757568e-01)
421           	(3.261791e-01 -1.373101e-02 7.776986e-01)
422           	(3.287868e-01 -1.404671e-02 7.744104e-01)
423           	(3.258994e-01 -1.416134e-02 7.786973e-01)
424           	(3.286771e-01 -1.416665e-02 7.797258e-01)
425           	(3.276129e-01 -1.445190e-02 7.830778e-01)
426           	(3.293655e-01 -1.487957e-02 7.718330e-01)
427           	(3.335807e-01 -1.504868e-02 7.904460e-01)
428           	(3.350186e-01 -1.514950e-02 7.764774e-01)
429           	(3.390990e-01 -1.539985e-02 7.805273e-01)
430           	(3.436108e-01 -1.560495e-02 7.792048e-01)
431           	(3.480751e-01 -1.568966e-02 7.888169e-01)
432           	(3.511225e-01 -1.588816e-02 7.849346e-01)
433           	(3.525751e-01 -1.607716e-02 7.906639e-01)
434           	(3.551127e-01 -1.607029e-02 7.807057e-01)
435           	(3.551412e-01 -1.585737e-02 7.876462e-01)
436           	(3.485797e-01 -1.559010e-02 7.837092e-01)
437           	(3.480758e-01 -1.534852e-02 7.867192e-01)
438           	(3.491890e-01 -1.474295e-02 7.811425e-01)
439           	(3.523425e-01 -1.394847e-02 7.824603e-01)
440           	(3.523736e-01 -1.331699e-02 7.737778e-01)
441           	(3.531969e-01 -1.274731e-02 7.784489e-01)
442           	(3.588117e-01 -1.230387e-02 7.628613e-01)
443           	(3.625464e-01 -1.171876e-02 7.630274e-01)
444           	(3.632886e-01 -1.139008e-02 7.562814e-01)
445           	(3.658800e-01 -1.138777e-02 7.551753e-01)
446           	(3.642798e-01 -1.159728e-02 7.583044e-01)
447           	(3.686152e-01 -1.200319e-02 7.625953e-01)
448           	(3.688410e-01 -1.253627e-02 7.590936e-01)
449           	(3.705272e-01 -1.321276e-02 7.664269e-01)
450           	(3.712536e-01 -1.404442e-02 7.626495e-01)
451           	(3.706380e-01 -1.490419e-02 7.751538e-01)
452           	(3.733750e-01 -1.593309e-02 7.672553e-01)
453           	(3.781357e-01 -1.690408e-02 7.692675e-01)
454           	(3.736737e-01 -1.763068e-02 7.639749e-01)
455           	(3.733124e-01 -1.808023e-02 7.542919e-01)
456           	(3.723694e-01 -1.837852e-02 7.580273e-01)
457           	(3.713823e-01 -1.852058e-02 7.503208e-01)
458           	(3.715035e-01 -1.864555e-02 7.533350e-01)
459           	(3.711562e-01 -1.856607e-02 7.356076e-01)
460           	(3.702803e-01 -1.867278e-02 7.356621e-01)
461           	(3.705769e-01 -1.890361e-02 7.265552e-01)
462           	(3.684348e-01 -1.864414e-02 7.253868e-01)
463           	(3.679229e-01 -1.811430e-02 7.196549e-01)
464           	(3.616276e-01 -1.712916e-02 7.218529e-01)
465           	(3.538430e-01 -1.607520e-02 7.234835e-01)
466           	(3.521384e-01 -1.520912e-02 7.234698e-01)
467           	(3.525066e-01 -1.455131e-02 7.123058e-01)
468           	(3.513083e-01 -1.425904e-02 7.169892e-01)
469           	(3.508493e-01 -1.437308e-02 7.081667e-01)
470           	(3.490942e-01 -1.491592e-02 7.038752e-01)
471           	(3.545061e-01 -1.582110e-02 6.999574e-01)
472           	(3.613379e-01 -1.723758e-02 6.936016e-01)
473           	(3.614267e-01 -1.880933e-02 6.834774e-01)
474           	(3.557366e-01 -2.039679e-02 6.770359e-01)
475           	(3.567371e-01 -2.180162e-02 6.779597e-01)
476           	(3.482301e-01 -2.307631e-02 6.670084e-01)
477           	(3.523607e-01 -2.401638e-02 6.627468e-01)
478           	(3.513741e-01 -2.384415e-02 6.580885e-01)
479           	(3.517559e-01 -2.265397e-02 6.582995e-01)
480           	(3.585800e-01 -2.070881e-02 6.467538e-01)
481           	(3.725900e-01 -1.873151e-02 6.724047e-01)
482           	(3.682487e-01 -1.659686e-02 6.586089e-01)
483           	(3.701119e-01 -1.468991e-02 6.573351e-01)
484           	(3.643943e-01 -1.324308e-02 6.572172e-01)
485           	(3.650001e-01 -1.232249e-02 6.586134e-01)
486           	(3.685687e-01 -1.171823e-02 6.588386e-01)
487           	(3.687187e-01 -1.144749e-02 6.570901e-01)
488           	(3.690861e-01 -1.154661e-02 6.646911e-01)
489           	(3.738674e-01 -1.198691e-02 6.606576e-01)
490           	(3.743534e-01 -1.286422e-02 6.541510e-01)
491           	(3.759751e-01 -1.376031e-02 6.467278e-01)
492           	(3.785816e-01 -1.482485e-02 6.659190e-01)
493           	(3.827431e-01 -1.555511e-02 6.572852e-01)
494           	(3.816592e-01 -1.602239e-02 6.523758e-01)
495           	(3.836101e-01 -1.666528e-02 6.431352e-01)
496           	(3.919299e-01 -1.600816e-02 6.375429e-01)
497           	(3.940257e-01 -1.474933e-02 6.343924e-01)
498           	(3.963557e-01 -1.311192e-02 6.368644e-01)
499           	(3.908464e-01 -1.132553e-02 6.324429e-01)
500           	(3.919897e-01 -9.509826e-03 6.341862e-01)
501           	(3.920707e-01 -8.166296e-03 6.358548e-01)
502           	(3.926030e-01 -6.940372e-03 6.386975e-01)
503           	(3.915111e-01 -6.355976e-03 6.286325e-01)
504           	(3.833478e-01 -6.324409e-03 6.253331e-01)
505           	(3.851376e-01 -6.217504e-03 6.168433e-01)
506           	(3.836623e-01 -6.816217e-03 6.122993e-01)
507           	(3.824439e-01 -7.704909e-03 6.050494e-01)
508           	(3.879756e-01 -8.788524e-03 6.017172e-01)
509           	(3.933911e-01 -1.009810e-02 6.074220e-01)
510           	(3.932005e-01 -1.148703e-02 6.021375e-01)
511           	(3.933843e-01 -1.281725e-02 6.002271e-01)
512           	(3.957578e-01 -1.396386e-02 6.043635e-01)
513           	(3.906808e-01 -1.504392e-02 5.901789e-01)
514           	(3.970644e-01 -1.576707e-02 5.908226e-01)
515           	(3.980462e-01 -1.626884e-02 5.921973e-01)
516           	(3.885003e-01 -1.640509e-02 5.931167e-01)
517           	(3.888575e-01 -1.650055e-02 6.014729e-01)
518           	(3.877541e-01 -1.642612e-02 5.978756e-01)
519           	(3.868723e-01 -1.655482e-02 6.003909e-01)
520           	(3.877851e-01 -1.603941e-02 6.044165e-01)
521           	(3.984877e-01 -1.532400e-02 5.970718e-01)
522           	(3.993490e-01 -1.449157e-02 6.019341e-01)
523           	(4.009123e-01 -1.407269e-02 6.005363e-01)
524           	(4.009420e-01 -1.393278e-02 6.037505e-01)
525           	(4.043362e-01 -1.391213e-02 5.890450e-01)
526           	(4.063958e-01 -1.389491e-02 5.854942e-01)
527           	(4.077480e-01 -1.394242e-02 5.888772e-01)
528           	(4.099179e-01 -1.388690e-02 5.897705e-01)
529           	(4.118258e-01 -1.370823e-02 5.903913e-01)
530           	(4.167420e-01 -1.353996e-02 5.925012e-01)
531           	(4.152653e-01 -1.320030e-02 5.881647e-01)
532           	(4.140543e-01 -1.283160e-02 5.770388e-01)
533           	(4.156800e-01 -1.252953e-02 5.819288e-01)
534           	(4.168787e-01 -1.220419e-02 5.844250e-01)
535           	(4.089983e-01 -1.210509e-02 5.739097e-01)
536           	(4.071440e-01 -1.141315e-02 5.729210e-01)
537           	(4.013982e-01 -1.084666e-02 5.725312e-01)
538           	(4.022349e-01 -1.068943e-02 5.743294e-01)
539           	(4.009127e-01 -1.076384e-02 5.778982e-01)
540           	(4.038076e-01 -1.091792e-02 5.708366e-01)
541           	(4.065318e-01 -1.090350e-02 5.782374e-01)
542           	(4.059412e-01 -1.053526e-02 5.802609e-01)
543           	(4.057720e-01 -9.686136e-03 5.784321e-01)
544           	(4.060637e-01 -8.620834e-03 5.815306e-01)
545           	(4.042054e-01 -7.690826e-03 5.829275e-01)
546           	(4.232098e-01 -7.035087e-03 5.852962e-01)
547           	(4.200083e-01 -6.879403e-03 5.862466e-01)
548           	(4.179534e-01 -7.292011e-03 5.962557e-01)
549           	(4.142914e-01 -8.134496e-03 5.873989e-01)
550           	(4.068173e-01 -9.511083e-03 5.974859e-01)
551           	(4.093746e-01 -1.092300e-02 5.931000e-01)
552           	(4.053205e-01 -1.241223e-02 5.956846e-01)
553           	(4.080961e-01 -1.355567e-02 6.058320e-01)
554           	(4.077436e-01 -1.452756e-02 6.051273e-01)
555           	(4.061686e-01 -1.531071e-02 6.118338e-01)
556           	(4.062395e-01 -1.541222e-02 5.997925e-01)
557           	(4.056626e-01 -1.486281e-02 6.056731e-01)
558           	(4.035497e-01 -1.367359e-02 6.088210e-01)
559           	(4.016383e-01 -1.203035e-02 6.181669e-01)
560           	(4.027103e-01 -1.020424e-02 6.147936e-01)
561           	(4.057019e-01 -8.339970e-03 6.233594e-01)
562           	(4.106671e-01 -6.486532e-03 6.414767e-01)
563           	(4.109302e-01 -5.070890e-03 6.316689e-01)
564           	(4.058325e-01 -4.060195e-03 6.425602e-01)
565           	(4.059500e-01 -3.539955e-03 6.446295e-01)
566           	(4.056459e-01 -3.444325e-03 6.478892e-01)
567           	(4.070548e-01 -3.884198e-03 6.472093e-01)
568           	(4.116430e-01 -4.712040e-03 6.436831e-01)
569           	(4.096242e-01 -5.804473e-03 6.367121e-01)
570           	(4.036699e-01 -7.011626e-03 6.414689e-01)
571           	(4.016737e-01 -8.224232e-03 6.360689e-01)
572           	(4.006962e-01 -9.195913e-03 6.347266e-01)
573           	(4.066903e-01 -9.991911e-03 6.320160e-01)
574           	(4.024760e-01 -1.048819e-02 6.303354e-01)
575           	(4.111484e-01 -1.073213e-02 6.414724e-01)
576           	(4.105992e-01 -1.045154e-02 6.375340e-01)
577           	(4.066889e-01 -1.018001e-02 6.385573e-01)
578           	(4.115105e-01 -1.006934e-02 6.392424e-01)
579           	(4.107262e-01 -9.960955e-03 6.430412e-01)
580           	(4.114779e-01 -9.904783e-03 6.414004e-01)
581           	(4.111671e-01 -9.912311e-03 6.564913e-01)
582           	(4.097475e-01 -9.863212e-03 6.511768e-01)
583           	(4.103138e-01 -9.839338e-03 6.616108e-01)
584           	(4.035787e-01 -1.017212e-02 6.559471e-01)
585           	(4.016354e-01 -1.090049e-02 6.645427e-01)
586           	(4.055037e-01 -1.170479e-02 6.634891e-01)
587           	(4.203935e-01 -1.263195e-02 6.524252e-01)
588           	(4.334014e-01 -1.341630e-02 6.488713e-01)
589           	(4.314310e-01 -1.437659e-02 6.494513e-01)
590           	(4.327677e-01 -1.492953e-02 6.541636e-01)
591           	(4.353932e-01 -1.525766e-02 6.504742e-01)
592           	(4.399684e-01 -1.546862e-02 6.524877e-01)
593           	(4.329435e-01 -1.595523e-02 6.392593e-01)
594           	(4.299644e-01 -1.548001e-02 6.560816e-01)
595           	(4.180454e-01 -1.447098e-02 6.547160e-01)
596           	(4.173698e-01 -1.328236e-02 6.676736e-01)
597           	(4.174625e-01 -1.213293e-02 6.613925e-01)
598           	(4.215809e-01 -1.168638e-02 6.545175e-01)
599           	(4.227027e-01 -1.268687e-02 6.488263e-01)
600           	(4.225978e-01 -1.532754e-02 6.474218e-01)
601           	(4.221608e-01 -1.681850e-02 6.486252e-01)
602           	(4.246031e-01 -1.891269e-02 6.478271e-01)
603           	(4.288343e-01 -1.948468e-02 6.509568e-01)
604           	(4.359434e-01 -1.913052e-02 6.460219e-01)
605           	(4.393369e-01 -1.708741e-02 6.413318e-01)
606           	(4.398570e-01 -1.451830e-02 6.396187e-01)
607           	(4.427158e-01 -1.178126e-02 6.403261e-01)
608           	(4.452038e-01 -9.268730e-03 6.450195e-01)
609           	(4.502108e-01 -7.282582e-03 6.199511e-01)
610           	(4.541667e-01 -5.873396e-03 6.187992e-01)
611           	(4.536404e-01 -5.002420e-03 6.368430e-01)
612           	(4.632753e-01 -5.115550e-03 6.338818e-01)
613           	(4.585104e-01 -5.814477e-03 6.281462e-01)
614           	(4.539751e-01 -7.535244e-03 6.273171e-01)
615           	(4.592454e-01 -9.410396e-03 6.238844e-01)
616           	(4.706574e-01 -1.105140e-02 6.348631e-01)
617           	(4.684991e-01 -1.275732e-02 6.336299e-01)
618           	(4.745794e-01 -1.395164e-02 6.208138e-01)
619           	(4.784717e-01 -1.479832e-02 6.292356e-01)
620           	(4.813295e-01 -1.571319e-02 6.176137e-01)
621           	(4.859901e-01 -1.669364e-02 6.285714e-01)
622           	(4.933926e-01 -1.690052e-02 6.262798e-01)
623           	(5.133523e-01 -1.626569e-02 6.180841e-01)
624           	(5.174633e-01 -1.515929e-02 6.091200e-01)
625           	(5.230014e-01 -1.402196e-02 6.051755e-01)
626           	(5.292777e-01 -1.321782e-02 6.052770e-01)
627           	(5.304206e-01 -1.295019e-02 6.021764e-01)
628           	(5.366833e-01 -1.273721e-02 6.015181e-01)
629           	(5.383289e-01 -1.225262e-02 5.950653e-01)
630           	(5.397168e-01 -1.139863e-02 5.937308e-01)
631           	(5.478898e-01 -1.047407e-02 5.897231e-01)
632           	(5.456087e-01 -1.030772e-02 5.826883e-01)
633           	(5.496224e-01 -1.055945e-02 5.883852e-01)
634           	(5.564583e-01 -1.127282e-02 5.855253e-01)
635           	(5.653047e-01 -1.276163e-02 5.822099e-01)
636           	(5.486373e-01 -1.451056e-02 5.838507e-01)
637           	(5.730718e-01 -1.592559e-02 5.890243e-01)
638           	(5.764110e-01 -1.601624e-02 5.831566e-01)
639           	(5.756219e-01 -1.666007e-02 5.813586e-01)
640           	(5.838532e-01 -1.711808e-02 5.874607e-01)
641           	(5.927356e-01 -1.701383e-02 5.864677e-01)
642           	(5.872322e-01 -1.657241e-02 5.808928e-01)
643           	(5.944873e-01 -1.588248e-02 5.769792e-01)
644           	(5.978216e-01 -1.511957e-02 5.736042e-01)
645           	(6.086009e-01 -1.464812e-02 5.632631e-01)
646           	(5.832539e-01 -1.421414e-02 5.584905e-01)
647           	(5.863519e-01 -1.401762e-02 5.583082e-01)
648           	(6.153033e-01 -1.334632e-02 5.464638e-01)
649           	(5.902412e-01 -1.276011e-02 5.545570e-01)
650           	(6.009091e-01 -1.108161e-02 5.660238e-01)
651           	(6.295273e-01 -1.075786e-02 5.539757e-01)
652           	(6.111628e-01 -1.064986e-02 5.547707e-01)
653           	(6.408304e-01 -1.089918e-02 5.415954e-01)
654           	(6.467545e-01 -1.124951e-02 5.452979e-01)
655           	(6.525222e-01 -1.173867e-02 5.464362e-01)
656           	(6.575093e-01 -1.269263e-02 5.534287e-01)
657           	(6.402253e-01 -1.461434e-02 5.617638e-01)
658           	(6.678716e-01 -1.530412e-02 5.555038e-01)
659           	(6.719940e-01 -1.494208e-02 5.506391e-01)
660           	(6.782568e-01 -1.422031e-02 5.502325e-01)
661           	(6.855257e-01 -1.326361e-02 5.377250e-01)
662           	(6.837196e-01 -1.186112e-02 5.472006e-01)
663           	(6.936402e-01 -1.076597e-02 5.487157e-01)
664           	(6.951870e-01 -1.003694e-02 5.515676e-01)
665           	(7.053202e-01 -9.379175e-03 5.565064e-01)
666           	(7.088945e-01 -9.306739e-03 5.550438e-01)
667           	(7.199603e-01 -9.418185e-03 5.561668e-01)
668           	(7.254957e-01 -9.769121e-03 5.466419e-01)
669           	(7.250194e-01 -1.008672e-02 5.460383e-01)
670           	(7.314685e-01 -1.042247e-02 5.551134e-01)
671           	(7.375930e-01 -1.104085e-02 5.443178e-01)
672           	(7.389527e-01 -1.177870e-02 5.402464e-01)
673           	(7.446265e-01 -1.244547e-02 5.374148e-01)
674           	(7.504662e-01 -1.308867e-02 5.440403e-01)
675           	(7.576421e-01 -1.366338e-02 5.342792e-01)
676           	(7.610224e-01 -1.377059e-02 5.360259e-01)
677           	(7.881280e-01 -1.381599e-02 5.361788e-01)
678           	(7.874437e-01 -1.436115e-02 5.490057e-01)
679           	(7.964608e-01 -1.482746e-02 5.454503e-01)
680           	(8.013200e-01 -1.526467e-02 5.457022e-01)
681           	(8.085445e-01 -1.581163e-02 5.500875e-01)
682           	(8.126814e-01 -1.675713e-02 5.522379e-01)
683           	(8.210205e-01 -1.725993e-02 5.598835e-01)
684           	(8.228219e-01 -1.746788e-02 5.576693e-01)
685           	(8.228034e-01 -1.727426e-02 5.520748e-01)
686           	(8.261163e-01 -1.656429e-02 5.591783e-01)
687           	(8.282062e-01 -1.538358e-02 5.646430e-01)
688           	(8.391872e-01 -1.399891e-02 5.664924e-01)
689           	(8.463336e-01 -1.262469e-02 5.729115e-01)
690           	(8.452553e-01 -1.154013e-02 5.657483e-01)
691           	(8.548245e-01 -1.069402e-02 5.666855e-01)
692           	(8.504428e-01 -1.013630e-02 5.603792e-01)
693           	(8.590428e-01 -9.629149e-03 5.711825e-01)
694           	(8.656517e-01 -9.454680e-03 5.549642e-01)
695           	(8.629237e-01 -9.152047e-03 5.616764e-01)
696           	(8.687214e-01 -8.708497e-03 5.713000e-01)
697           	(8.732098e-01 -9.124479e-03 5.645907e-01)
698           	(8.846772e-01 -1.144762e-02 5.577846e-01)
699           	(8.891290e-01 -1.318944e-02 5.531743e-01)
700           	(8.961507e-01 -1.420352e-02 5.586094e-01)
701           	(9.011233e-01 -1.510585e-02 5.646469e-01)
702           	(9.063829e-01 -1.650092e-02 5.644954e-01)
703           	(9.091960e-01 -1.827089e-02 5.588161e-01)
704           	(9.230784e-01 -1.839065e-02 5.504822e-01)
705           	(9.276894e-01 -1.810208e-02 5.478235e-01)
706           	(9.326393e-01 -1.759824e-02 5.545772e-01)
707           	(9.367510e-01 -1.704351e-02 5.409064e-01)
708           	(9.453904e-01 -1.649713e-02 5.450730e-01)
709           	(9.370285e-01 -1.617719e-02 5.429002e-01)
710           	(9.435695e-01 -1.659177e-02 5.632367e-01)
711           	(9.497151e-01 -1.687427e-02 5.560002e-01)
712           	(9.819542e-01 -1.686621e-02 5.379103e-01)
713           	(9.918808e-01 -1.652847e-02 5.357079e-01)
714           	(9.728068e-01 -1.542021e-02 5.396125e-01)
715           	(9.763315e-01 -1.406420e-02 5.430315e-01)
716           	(9.812606e-01 -1.250316e-02 5.499554e-01)
717           	(9.847947e-01 -1.108514e-02 5.562358e-01)
718           	(9.993339e-01 -9.873147e-03 5.579112e-01)
719           	(1.004980e+00 -9.080539e-03 5.636188e-01)
720           	(1.005446e+00 -8.947906e-03 5.677359e-01)
721           	(1.008939e+00 -8.992015e-03 5.811483e-01)
722           	(1.011602e+00 -9.256047e-03 5.860014e-01)
723           	(1.015199e+00 -9.697350e-03 5.814969e-01)
724           	(1.016791e+00 -1.030908e-02 5.818894e-01)
725           	(1.020166e+00 -1.106457e-02 5.741621e-01)
726           	(1.022100e+00 -1.181684e-02 6.011673e-01)
727           	(1.024088e+00 -1.259717e-02 5.984919e-01)
728           	(1.011039e+00 -1.316402e-02 6.236983e-01)
729           	(1.013257e+00 -1.364951e-02 6.269622e-01)
730           	(1.015628e+00 -1.417687e-02 6.338512e-01)
731           	(1.019479e+00 -1.454685e-02 6.351498e-01)
732           	(1.014031e+00 -1.464856e-02 6.473434e-01)
733           	(1.008900e+00 -1.447944e-02 6.602277e-01)
734           	(1.008833e+00 -1.395591e-02 6.649978e-01)
735           	(1.011000e+00 -1.329430e-02 6.710786e-01)
736           	(1.007320e+00 -1.321112e-02 6.593981e-01)
737           	(1.007852e+00 -1.281510e-02 6.797953e-01)
738           	(1.010745e+00 -1.262982e-02 6.782354e-01)
739           	(1.011343e+00 -1.221575e-02 7.141632e-01)
740           	(1.013424e+00 -1.112181e-02 7.102483e-01)
741           	(1.020160e+00 -1.009809e-02 7.267511e-01)
742           	(1.022293e+00 -9.472302e-03 7.302262e-01)
743           	(1.023061e+00 -9.018869e-03 7.386924e-01)
744           	(1.023926e+00 -8.952071e-03 7.482676e-01)
745           	(1.026922e+00 -8.927511e-03 7.131291e-01)
746           	(1.038699e+00 -8.603667e-03 7.304926e-01)
747           	(1.033984e+00 -8.601763e-03 7.384760e-01)
748           	(1.027357e+00 -9.063558e-03 7.352780e-01)
749           	(1.022346e+00 -9.328276e-03 7.463717e-01)
750           	(1.024339e+00 -9.946152e-03 7.333202e-01)
751           	(1.025766e+00 -1.037045e-02 7.409688e-01)
752           	(1.030152e+00 -1.059633e-02 7.526147e-01)
753           	(1.030399e+00 -1.064791e-02 7.549488e-01)
754           	(1.035506e+00 -1.054789e-02 7.605213e-01)
755           	(1.043820e+00 -1.039953e-02 7.787389e-01)
756           	(1.047633e+00 -1.018646e-02 7.788500e-01)
757           	(1.047550e+00 -1.005938e-02 7.809154e-01)
758           	(1.050757e+00 -9.913055e-03 7.902653e-01)
759           	(1.053783e+00 -9.897914e-03 7.924161e-01)
760           	(1.056759e+00 -9.995537e-03 8.001017e-01)
761           	(1.055246e+00 -1.042404e-02 8.065921e-01)
762           	(1.060161e+00 -1.109887e-02 8.140657e-01)
763           	(1.061846e+00 -1.195307e-02 8.339368e-01)
764           	(1.060405e+00 -1.271052e-02 8.432510e-01)
765           	(1.071004e+00 -1.345983e-02 8.492297e-01)
766           	(1.065893e+00 -1.394366e-02 8.540581e-01)
767           	(1.067070e+00 -1.400506e-02 8.579309e-01)
768           	(1.068778e+00 -1.394749e-02 8.766016e-01)
769           	(1.069569e+00 -1.378363e-02 8.818359e-01)
770           	(1.072408e+00 -1.350119e-02 8.935515e-01)
771           	(1.070616e+00 -1.316700e-02 8.989334e-01)
772           	(1.080793e+00 -1.285091e-02 9.086356e-01)
773           	(1.074373e+00 -1.270898e-02 9.306252e-01)
774           	(1.074913e+00 -1.269440e-02 9.377050e-01)
775           	(1.069457e+00 -1.275288e-02 9.317554e-01)
776           	(1.072478e+00 -1.277101e-02 9.545653e-01)
777           	(1.075221e+00 -1.298177e-02 9.611598e-01)
778           	(1.086605e+00 -1.322809e-02 9.499131e-01)
779           	(1.089050e+00 -1.351061e-02 9.544402e-01)
780           	(1.090606e+00 -1.381662e-02 9.522277e-01)
781           	(1.092817e+00 -1.394971e-02 9.658036e-01)
782           	(1.093222e+00 -1.446210e-02 9.685159e-01)
783           	(1.104964e+00 -1.484170e-02 9.756574e-01)
784           	(1.104984e+00 -1.487392e-02 9.857489e-01)
785           	(1.109392e+00 -1.481854e-02 9.814264e-01)
786           	(1.108111e+00 -1.455672e-02 9.903132e-01)
787           	(1.111580e+00 -1.423208e-02 1.002166e+00)
788           	(1.115827e+00 -1.385440e-02 1.008944e+00)
789           	(1.120284e+00 -1.349140e-02 1.012371e+00)
790           	(1.120684e+00 -1.310219e-02 1.020076e+00)
791           	(1.118981e+00 -1.290716e-02 1.027574e+00)
792           	(1.123054e+00 -1.308057e-02 1.034651e+00)
793           	(1.127903e+00 -1.347248e-02 1.047609e+00)
794           	(1.133012e+00 -1.374831e-02 1.053670e+00)
795           	(1.136640e+00 -1.393882e-02 1.053156e+00)
796           	(1.140110e+00 -1.408620e-02 1.065655e+00)
797           	(1.141939e+00 -1.419134e-02 1.080397e+00)
798           	(1.146785e+00 -1.429321e-02 1.083961e+00)
799           	(1.154542e+00 -1.431872e-02 1.094356e+00)
800           	(1.156297e+00 -1.432421e-02 1.102272e+00)
801           	(1.157448e+00 -1.426915e-02 1.119748e+00)
802           	(1.162318e+00 -1.413991e-02 1.133737e+00)
803           	(1.179216e+00 -1.403479e-02 1.145565e+00)
804           	(1.184358e+00 -1.408046e-02 1.148911e+00)
805           	(1.184894e+00 -1.410468e-02 1.165324e+00)
806           	(1.190712e+00 -1.419264e-02 1.158512e+00)
807           	(1.197460e+00 -1.393663e-02 1.166714e+00)
808           	(1.202098e+00 -1.379924e-02 1.170361e+00)
809           	(1.204297e+00 -1.367813e-02 1.178357e+00)
810           	(1.212866e+00 -1.363149e-02 1.188950e+00)
811           	(1.214215e+00 -1.363042e-02 1.202088e+00)
812           	(1.216771e+00 -1.370260e-02 1.197002e+00)
813           	(1.219979e+00 -1.381245e-02 1.213035e+00)
814           	(1.225661e+00 -1.388766e-02 1.213434e+00)
815           	(1.237824e+00 -1.399916e-02 1.216970e+00)
816           	(1.240394e+00 -1.396247e-02 1.231259e+00)
817           	(1.235599e+00 -1.412496e-02 1.241352e+00)
818           	(1.240187e+00 -1.428119e-02 1.255817e+00)
819           	(1.241967e+00 -1.437587e-02 1.245515e+00)
820           	(1.248448e+00 -1.443974e-02 1.257647e+00)
821           	(1.281554e+00 -1.459405e-02 1.248447e+00)
822           	(1.285304e+00 -1.459294e-02 1.264505e+00)
823           	(1.283531e+00 -1.470768e-02 1.281587e+00)
824           	(1.285017e+00 -1.517691e-02 1.279950e+00)
825           	(1.292448e+00 -1.561328e-02 1.285259e+00)
826           	(1.294618e+00 -1.759464e-02 1.284758e+00)
827           	(1.304172e+00 -1.812347e-02 1.280557e+00)
828           	(1.312388e+00 -1.762053e-02 1.282172e+00)
829           	(1.313571e+00 -1.664438e-02 1.284845e+00)
830           	(1.323749e+00 -1.542792e-02 1.284998e+00)
831           	(1.327534e+00 -1.416755e-02 1.293316e+00)
832           	(1.331518e+00 -1.293143e-02 1.309558e+00)
833           	(1.331824e+00 -1.185623e-02 1.308043e+00)
834           	(1.339030e+00 -1.123193e-02 1.308349e+00)
835           	(1.340449e+00 -1.109904e-02 1.313066e+00)
836           	(1.338620e+00 -1.115727e-02 1.317798e+00)
837           	(1.340392e+00 -1.137358e-02 1.320011e+00)
838           	(1.341577e+00 -1.173719e-02 1.300212e+00)
839           	(1.339049e+00 -1.221467e-02 1.332811e+00)
840           	(1.341203e+00 -1.240677e-02 1.324974e+00)
841           	(1.341369e+00 -1.251452e-02 1.351728e+00)
842           	(1.342484e+00 -1.210831e-02 1.348647e+00)
843           	(1.350107e+00 -1.182700e-02 1.357872e+00)
844           	(1.349153e+00 -1.203648e-02 1.363088e+00)
845           	(1.356302e+00 -1.255330e-02 1.359174e+00)
846           	(1.357014e+00 -1.314206e-02 1.381099e+00)
847           	(1.356189e+00 -1.359830e-02 1.387571e+00)
848           	(1.354691e+00 -1.401977e-02 1.390866e+00)
849           	(1.353645e+00 -1.447261e-02 1.401747e+00)
850           	(1.353558e+00 -1.491379e-02 1.407548e+00)
851           	(1.353162e+00 -1.579650e-02 1.418810e+00)
852           	(1.352345e+00 -1.633432e-02 1.422516e+00)
853           	(1.369714e+00 -1.678950e-02 1.450648e+00)
854           	(1.351120e+00 -1.736652e-02 1.436890e+00)
855           	(1.372355e+00 -1.740997e-02 1.471761e+00)
856           	(1.371970e+00 -1.703510e-02 1.473532e+00)
857           	(1.369797e+00 -1.641866e-02 1.490175e+00)
858           	(1.351878e+00 -1.556324e-02 1.480737e+00)
859           	(1.374219e+00 -1.485958e-02 1.503434e+00)
860           	(1.383872e+00 -1.424438e-02 1.526116e+00)
861           	(1.388175e+00 -1.394501e-02 1.518424e+00)
862           	(1.385456e+00 -1.378471e-02 1.518045e+00)
863           	(1.382743e+00 -1.390411e-02 1.526245e+00)
864           	(1.388085e+00 -1.389452e-02 1.544591e+00)
865           	(1.386716e+00 -1.376578e-02 1.555840e+00)
866           	(1.385083e+00 -1.355819e-02 1.568343e+00)
867           	(1.382655e+00 -1.328965e-02 1.581340e+00)
868           	(1.380403e+00 -1.303670e-02 1.585453e+00)
869           	(1.376965e+00 -1.300138e-02 1.603186e+00)
870           	(1.374970e+00 -1.300646e-02 1.601850e+00)
871           	(1.373153e+00 -1.315485e-02 1.606979e+00)
872           	(1.368132e+00 -1.306756e-02 1.617300e+00)
873           	(1.366512e+00 -1.304655e-02 1.627948e+00)
874           	(1.363099e+00 -1.297974e-02 1.631680e+00)
875           	(1.369391e+00 -1.331183e-02 1.629140e+00)
876           	(1.366224e+00 -1.337666e-02 1.635178e+00)
877           	(1.368357e+00 -1.313155e-02 1.637038e+00)
878           	(1.366579e+00 -1.271976e-02 1.651035e+00)
879           	(1.363567e+00 -1.226191e-02 1.674934e+00)
880           	(1.362724e+00 -1.199654e-02 1.674861e+00)
881           	(1.360271e+00 -1.179996e-02 1.685095e+00)
882           	(1.359959e+00 -1.160336e-02 1.694108e+00)
883           	(1.355938e+00 -1.144278e-02 1.704032e+00)
884           	(1.351939e+00 -1.141712e-02 1.707733e+00)
885           	(1.346719e+00 -1.157493e-02 1.714840e+00)
886           	(1.343648e+00 -1.191792e-02 1.712777e+00)
887           	(1.343367e+00 -1.229556e-02 1.720893e+00)
888           	(1.342269e+00 -1.292438e-02 1.719869e+00)
889           	(1.338824e+00 -1.366939e-02 1.728632e+00)
890           	(1.337210e+00 -1.446754e-02 1.732906e+00)
891           	(1.339047e+00 -1.512263e-02 1.743676e+00)
892           	(1.337082e+00 -1.526663e-02 1.757737e+00)
893           	(1.335250e+00 -1.511304e-02 1.757836e+00)
894           	(1.331692e+00 -1.483651e-02 1.769338e+00)
895           	(1.327694e+00 -1.435169e-02 1.758981e+00)
896           	(1.329398e+00 -1.375118e-02 1.780611e+00)
897           	(1.328633e+00 -1.321853e-02 1.790462e+00)
898           	(1.328006e+00 -1.286708e-02 1.801635e+00)
899           	(1.323943e+00 -1.261379e-02 1.803828e+00)
900           	(1.317390e+00 -1.235786e-02 1.813665e+00)
901           	(1.316494e+00 -1.219368e-02 1.829222e+00)
902           	(1.312525e+00 -1.245062e-02 1.835774e+00)
903           	(1.312921e+00 -1.279933e-02 1.836946e+00)
904           	(1.310417e+00 -1.333999e-02 1.858103e+00)
905           	(1.310783e+00 -1.373008e-02 1.865153e+00)
906           	(1.306125e+00 -1.401592e-02 1.876511e+00)
907           	(1.296063e+00 -1.424616e-02 1.897837e+00)
908           	(1.312079e+00 -1.456167e-02 1.913972e+00)
909           	(1.310500e+00 -1.492747e-02 1.908800e+00)
910           	(1.308851e+00 -1.497213e-02 1.923871e+00)
911           	(1.306741e+00 -1.464356e-02 1.922060e+00)
912           	(1.302147e+00 -1.464432e-02 1.941741e+00)
913           	(1.304138e+00 -1.530075e-02 1.936711e+00)
914           	(1.299613e+00 -1.643945e-02 1.944948e+00)
915           	(1.299502e+00 -1.818588e-02 1.966197e+00)
916           	(1.295782e+00 -1.934684e-02 1.982797e+00)
917           	(1.284463e+00 -1.994636e-02 1.996568e+00)
918           	(1.282114e+00 -2.036108e-02 2.011359e+00)
919           	(1.279717e+00 -2.059432e-02 2.012990e+00)
920           	(1.276190e+00 -2.030113e-02 2.020896e+00)
921           	(1.274597e+00 -1.975127e-02 2.035624e+00)
922           	(1.246032e+00 -1.883749e-02 2.052739e+00)
923           	(1.247003e+00 -1.753505e-02 2.046100e+00)
924           	(1.242285e+00 -1.604294e-02 2.075502e+00)
925           	(1.229132e+00 -1.456706e-02 2.076166e+00)
926           	(1.226864e+00 -1.351076e-02 2.096916e+00)
927           	(1.231256e+00 -1.284841e-02 2.082638e+00)
928           	(1.211242e+00 -1.267647e-02 2.102271e+00)
929           	(1.206789e+00 -1.268368e-02 2.119738e+00)
930           	(1.214170e+00 -1.268268e-02 2.108018e+00)
931           	(1.201499e+00 -1.297828e-02 2.124680e+00)
932           	(1.199569e+00 -1.363058e-02 2.140020e+00)
933           	(1.197599e+00 -1.417814e-02 2.134927e+00)
934           	(1.186710e+00 -1.497529e-02 2.152768e+00)
935           	(1.178271e+00 -1.601685e-02 2.151908e+00)
936           	(1.177960e+00 -1.774971e-02 2.156947e+00)
937           	(1.176095e+00 -1.886738e-02 2.175565e+00)
938           	(1.179087e+00 -1.988995e-02 2.172880e+00)
939           	(1.163519e+00 -2.018627e-02 2.166220e+00)
940           	(1.156988e+00 -2.017839e-02 2.194165e+00)
941           	(1.150615e+00 -1.973313e-02 2.184570e+00)
942           	(1.151516e+00 -1.967356e-02 2.208452e+00)
943           	(1.145900e+00 -1.975758e-02 2.214561e+00)
944           	(1.144435e+00 -2.089035e-02 2.228391e+00)
945           	(1.139590e+00 -2.110374e-02 2.234464e+00)
946           	(1.149145e+00 -2.083155e-02 2.242354e+00)
947           	(1.123271e+00 -2.064892e-02 2.223898e+00)
948           	(1.111192e+00 -2.037605e-02 2.237220e+00)
949           	(1.110345e+00 -1.928596e-02 2.246121e+00)
950           	(1.106002e+00 -1.808666e-02 2.256802e+00)
951           	(1.101758e+00 -1.667140e-02 2.252280e+00)
952           	(1.100939e+00 -1.550262e-02 2.250270e+00)
953           	(1.111980e+00 -1.462774e-02 2.280906e+00)
954           	(1.100452e+00 -1.394205e-02 2.320738e+00)
955           	(1.114433e+00 -1.425537e-02 2.312988e+00)
956           	(1.119601e+00 -1.475981e-02 2.299946e+00)
957           	(1.122508e+00 -1.514268e-02 2.314138e+00)
958           	(1.123133e+00 -1.537625e-02 2.329888e+00)
959           	(1.122501e+00 -1.530050e-02 2.341856e+00)
960           	(1.097908e+00 -1.494166e-02 2.331155e+00)
961           	(1.087978e+00 -1.438276e-02 2.341060e+00)
962           	(1.089342e+00 -1.380780e-02 2.343229e+00)
963           	(1.090199e+00 -1.295272e-02 2.347347e+00)
964           	(1.078796e+00 -1.252781e-02 2.357297e+00)
965           	(1.088958e+00 -1.233611e-02 2.368539e+00)
966           	(1.083609e+00 -1.220098e-02 2.369061e+00)
967           	(1.060289e+00 -1.215962e-02 2.381245e+00)
968           	(1.061397e+00 -1.245018e-02 2.396444e+00)
969           	(1.060825e+00 -1.334423e-02 2.379934e+00)
970           	(1.060463e+00 -1.438925e-02 2.394594e+00)
971           	(1.050929e+00 -1.612061e-02 2.406178e+00)
972           	(1.054014e+00 -1.762292e-02 2.419117e+00)
973           	(1.049150e+00 -1.882981e-02 2.431306e+00)
974           	(1.048312e+00 -1.976863e-02 2.439251e+00)
975           	(1.048174e+00 -2.047442e-02 2.460080e+00)
976           	(1.067728e+00 -2.106110e-02 2.437736e+00)
977           	(1.069335e+00 -2.118618e-02 2.477171e+00)
978           	(1.059922e+00 -2.108271e-02 2.482024e+00)
979           	(1.057082e+00 -2.082446e-02 2.485519e+00)
980           	(1.056971e+00 -1.987898e-02 2.489633e+00)
981           	(1.044391e+00 -1.892030e-02 2.480184e+00)
982           	(1.000511e+00 -1.809870e-02 2.499001e+00)
983           	(9.745424e-01 -1.750700e-02 2.489630e+00)
984           	(9.928637e-01 -1.790158e-02 2.503947e+00)
985           	(9.695273e-01 -1.835053e-02 2.497045e+00)
986           	(9.575586e-01 -1.906581e-02 2.536266e+00)
987           	(9.512329e-01 -1.942070e-02 2.554093e+00)
988           	(9.502316e-01 -1.956522e-02 2.552813e+00)
989           	(9.502351e-01 -1.947976e-02 2.571682e+00)
990           	(9.535478e-01 -1.919380e-02 2.594116e+00)
991           	(9.452360e-01 -1.878560e-02 2.596917e+00)
992           	(9.440015e-01 -1.889511e-02 2.609594e+00)
993           	(9.410310e-01 -2.029320e-02 2.591933e+00)
994           	(9.170653e-01 -2.457094e-02 2.600437e+00)
995           	(9.148059e-01 -2.605424e-02 2.618407e+00)
996           	(9.000913e-01 -2.669879e-02 2.642214e+00)
997           	(9.007371e-01 -2.769560e-02 2.633032e+00)
998           	(8.983789e-01 -2.883987e-02 2.648503e+00)
999           	(8.980697e-01 -2.949768e-02 2.669316e+00)
1000          	(8.933476e-01 -2.951062e-02 2.684611e+00)
