# Region type : patch pressure_outlet
# Faces       : 11534
# Area        : 3.696967e-03
# Scale factor: 1.000000e+00
# Time        	areaAverage(U)
1             	(-5.025304e-07 -4.900936e-07 9.914012e-04)
2             	(-8.122907e-07 -8.174146e-07 9.986963e-04)
3             	(-8.924321e-07 -9.255035e-07 1.005457e-03)
4             	(-8.807505e-07 -9.441544e-07 1.005360e-03)
5             	(-8.281019e-07 -9.210677e-07 1.000709e-03)
6             	(-7.595953e-07 -8.888986e-07 9.970769e-04)
7             	(-6.951824e-07 -8.408879e-07 9.973241e-04)
8             	(-6.373588e-07 -8.077384e-07 9.999614e-04)
9             	(-5.801325e-07 -7.950663e-07 1.002003e-03)
10            	(-5.393467e-07 -7.825863e-07 1.001463e-03)
11            	(-4.974681e-07 -7.690252e-07 9.996326e-04)
12            	(-4.564903e-07 -7.578791e-07 9.986767e-04)
13            	(-4.121511e-07 -7.578407e-07 9.992613e-04)
14            	(-3.711572e-07 -7.576216e-07 1.000359e-03)
15            	(-3.404605e-07 -7.602546e-07 1.000747e-03)
16            	(-3.045722e-07 -7.688347e-07 1.000251e-03)
17            	(-2.762696e-07 -7.641338e-07 9.996069e-04)
18            	(-2.460786e-07 -7.674506e-07 9.994758e-04)
19            	(-2.173897e-07 -7.726518e-07 9.998296e-04)
20            	(-1.915087e-07 -7.768989e-07 1.000182e-03)
21            	(-1.704884e-07 -7.800256e-07 1.000198e-03)
22            	(-1.491222e-07 -7.847318e-07 9.999634e-04)
23            	(-1.298499e-07 -7.874441e-07 9.997802e-04)
24            	(-1.083189e-07 -7.962610e-07 9.998081e-04)
25            	(-9.062895e-08 -8.042093e-07 9.999561e-04)
26            	(-7.530022e-08 -8.104595e-07 1.000046e-03)
27            	(-6.133762e-08 -8.180522e-07 1.000011e-03)
28            	(-4.763960e-08 -8.280175e-07 9.999230e-04)
29            	(-3.593900e-08 -8.410729e-07 9.998841e-04)
30            	(-2.437697e-08 -8.561993e-07 9.999168e-04)
31            	(-1.455037e-08 -8.725744e-07 9.999696e-04)
32            	(-6.715515e-09 -8.912909e-07 9.999876e-04)
33            	(-3.803905e-09 -9.093946e-07 9.999650e-04)
34            	(2.886987e-09 -9.323663e-07 9.999373e-04)
35            	(9.318083e-09 -9.580293e-07 9.999359e-04)
36            	(1.545280e-08 -9.882901e-07 9.999547e-04)
37            	(2.061457e-08 -1.022310e-06 9.999708e-04)
38            	(2.773958e-08 -1.062837e-06 9.999712e-04)
39            	(3.262379e-08 -1.108027e-06 9.999618e-04)
40            	(3.747275e-08 -1.155272e-06 9.999562e-04)
41            	(4.132205e-08 -1.208567e-06 9.999600e-04)
42            	(4.464722e-08 -1.268273e-06 9.999692e-04)
43            	(4.638635e-08 -1.333845e-06 9.999770e-04)
44            	(4.817113e-08 -1.407481e-06 9.999794e-04)
45            	(4.833524e-08 -1.487644e-06 9.999790e-04)
46            	(4.769707e-08 -1.576218e-06 9.999806e-04)
47            	(4.591256e-08 -1.672904e-06 9.999853e-04)
48            	(4.314626e-08 -1.778972e-06 9.999914e-04)
49            	(3.886549e-08 -1.895382e-06 9.999946e-04)
50            	(3.350540e-08 -2.022885e-06 9.999982e-04)
51            	(2.741254e-08 -2.162560e-06 1.000003e-03)
52            	(2.024004e-08 -2.315329e-06 1.000009e-03)
53            	(1.214857e-08 -2.482455e-06 1.000014e-03)
54            	(-1.070345e-07 -2.285422e-06 1.000020e-03)
55            	(-4.922983e-08 -2.687480e-06 1.000057e-03)
56            	(-4.924184e-08 -2.848032e-06 9.999628e-04)
57            	(-6.244731e-08 -3.092709e-06 9.999464e-04)
58            	(-7.580019e-08 -3.406345e-06 9.999890e-04)
59            	(-2.297348e-07 -3.167843e-06 1.000041e-03)
60            	(-1.602902e-07 -3.554030e-06 1.000117e-03)
61            	(-1.610987e-07 -3.806729e-06 1.000011e-03)
62            	(-1.744281e-07 -4.136738e-06 9.999659e-04)
63            	(-3.679935e-07 -3.776443e-06 1.000012e-03)
64            	(-2.444022e-07 -4.587705e-06 1.000157e-03)
65            	(-2.143207e-07 -5.070641e-06 1.000021e-03)
66            	(-2.058616e-07 -5.596964e-06 9.999602e-04)
67            	(-4.374825e-07 -5.093081e-06 1.000007e-03)
68            	(-2.975294e-07 -6.315971e-06 1.000209e-03)
69            	(-2.531661e-07 -7.052029e-06 1.000019e-03)
70            	(-5.184529e-07 -6.469447e-06 9.999086e-04)
71            	(-2.404018e-07 -7.740455e-06 1.000132e-03)
72            	(-1.557434e-07 -8.784693e-06 9.999716e-04)
73            	(-4.117362e-07 -7.985985e-06 9.998763e-04)
74            	(-2.889423e-09 -9.248073e-06 1.000198e-03)
75            	(7.520269e-08 -1.091969e-05 1.000067e-03)
76            	(-1.477782e-07 -9.808432e-06 9.997436e-04)
77            	(-3.303962e-07 -9.688951e-06 1.000159e-03)
78            	(-2.318186e-07 -1.138594e-05 1.000362e-03)
79            	(-4.779444e-07 -1.083528e-05 9.995996e-04)
80            	(-5.613761e-07 -1.156992e-05 9.999735e-04)
81            	(-6.456135e-07 -1.234357e-05 1.000175e-03)
82            	(-5.458364e-07 -1.366793e-05 1.000148e-03)
83            	(-6.072879e-08 -1.535341e-05 1.000028e-03)
84            	(1.959465e-07 -1.714431e-05 1.000155e-03)
85            	(1.335947e-06 -2.800066e-05 1.000486e-03)
86            	(3.523743e-06 -3.882784e-05 1.001440e-03)
87            	(5.440832e-06 -4.975239e-05 1.001231e-03)
88            	(7.251699e-06 -6.177441e-05 1.000030e-03)
89            	(8.831158e-06 -7.429410e-05 9.971390e-04)
90            	(1.135881e-05 -8.948955e-05 9.935930e-04)
91            	(1.302477e-05 -1.051114e-04 9.911449e-04)
92            	(1.421668e-05 -1.219557e-04 9.894995e-04)
93            	(6.493276e-06 -9.022945e-05 9.885615e-04)
94            	(6.667731e-06 -1.076212e-04 9.902081e-04)
95            	(6.191411e-06 -1.088651e-04 9.914322e-04)
96            	(4.549520e-06 -1.112453e-04 9.941770e-04)
97            	(3.321862e-07 -1.010768e-04 9.966730e-04)
98            	(4.146321e-06 -8.868489e-05 1.001479e-03)
99            	(3.923192e-06 -1.004795e-04 1.005619e-03)
100           	(4.176087e-06 -9.468497e-05 1.006768e-03)
101           	(9.367874e-07 -7.916252e-05 1.008719e-03)
102           	(4.544011e-06 -8.458227e-05 1.008728e-03)
103           	(4.059873e-06 -8.643725e-05 1.005767e-03)
104           	(5.716316e-06 -7.432227e-05 1.001701e-03)
105           	(6.342645e-06 -7.635642e-05 1.001446e-03)
106           	(5.976702e-06 -7.343363e-05 1.000276e-03)
107           	(5.557914e-06 -6.992211e-05 1.000482e-03)
108           	(5.283662e-06 -6.608993e-05 9.998060e-04)
109           	(4.544641e-06 -6.310619e-05 9.986277e-04)
110           	(4.012421e-06 -6.134217e-05 9.986257e-04)
111           	(4.061546e-06 -6.163543e-05 9.995614e-04)
112           	(3.147044e-06 -6.192471e-05 1.000645e-03)
113           	(3.472827e-06 -6.373287e-05 1.002032e-03)
114           	(3.083708e-06 -6.304340e-05 1.001997e-03)
115           	(2.429420e-06 -6.286872e-05 1.001619e-03)
116           	(2.002213e-06 -6.394020e-05 1.001036e-03)
117           	(1.639839e-06 -6.303850e-05 1.000618e-03)
118           	(1.022111e-06 -6.342701e-05 1.000893e-03)
119           	(9.604553e-07 -6.393409e-05 1.001033e-03)
120           	(5.031880e-07 -6.323820e-05 1.001121e-03)
121           	(5.798088e-07 -6.204485e-05 1.001315e-03)
122           	(4.420012e-07 -6.256338e-05 1.001410e-03)
123           	(7.453996e-07 -6.175663e-05 1.001031e-03)
124           	(5.666344e-07 -6.057835e-05 1.000906e-03)
125           	(8.691555e-07 -6.067301e-05 1.000775e-03)
126           	(9.691391e-07 -6.115324e-05 1.000646e-03)
127           	(1.052409e-06 -6.130449e-05 1.000488e-03)
128           	(7.075419e-07 -6.118498e-05 1.000467e-03)
129           	(6.773950e-07 -6.091282e-05 1.000519e-03)
130           	(3.390977e-07 -5.934193e-05 1.000552e-03)
131           	(3.312759e-07 -6.108348e-05 1.000778e-03)
132           	(2.772734e-07 -6.082680e-05 1.000147e-03)
133           	(-2.786587e-07 -5.841208e-05 9.998808e-04)
134           	(-3.407719e-07 -6.006716e-05 1.000451e-03)
135           	(-4.871786e-07 -5.885068e-05 1.000056e-03)
136           	(-4.490399e-07 -5.820253e-05 1.000459e-03)
137           	(-4.926493e-07 -5.755770e-05 1.000511e-03)
138           	(-4.291605e-07 -5.837867e-05 1.000323e-03)
139           	(-8.221974e-08 -5.976139e-05 1.000212e-03)
140           	(5.241512e-07 -6.213267e-05 1.000355e-03)
141           	(1.700229e-06 -7.276488e-05 1.000843e-03)
142           	(3.619941e-06 -8.291949e-05 1.001826e-03)
143           	(5.267099e-06 -9.434837e-05 1.001845e-03)
144           	(6.953415e-06 -1.086282e-04 1.000423e-03)
145           	(8.594140e-06 -1.211174e-04 9.971765e-04)
146           	(1.055986e-05 -1.344376e-04 9.932196e-04)
147           	(1.203940e-05 -1.486908e-04 9.903040e-04)
148           	(1.275908e-05 -1.632841e-04 9.886290e-04)
149           	(5.951891e-06 -1.302865e-04 9.877593e-04)
150           	(5.001834e-06 -1.445447e-04 9.900905e-04)
151           	(5.055252e-06 -1.445639e-04 9.927255e-04)
152           	(2.384237e-06 -1.457284e-04 9.948345e-04)
153           	(1.709544e-06 -1.049177e-04 9.982069e-04)
154           	(2.984011e-06 -1.188922e-04 1.004879e-03)
155           	(2.808166e-06 -1.211303e-04 1.007656e-03)
156           	(8.529264e-07 -1.133077e-04 1.010366e-03)
157           	(-1.826483e-06 -1.074623e-04 1.012310e-03)
158           	(-1.394842e-06 -1.082046e-04 1.011221e-03)
159           	(1.791189e-06 -1.071580e-04 1.006939e-03)
160           	(4.036004e-06 -1.057077e-04 1.004382e-03)
161           	(5.443214e-06 -1.110729e-04 1.003635e-03)
162           	(5.371661e-06 -1.119124e-04 1.001069e-03)
163           	(4.263240e-06 -1.120019e-04 1.000052e-03)
164           	(2.683714e-06 -1.029578e-04 1.000223e-03)
165           	(3.040512e-06 -1.016921e-04 9.999385e-04)
166           	(2.700159e-06 -1.016709e-04 9.993955e-04)
167           	(2.168937e-06 -1.004382e-04 9.985736e-04)
168           	(7.358013e-07 -9.975684e-05 9.991387e-04)
169           	(1.413854e-06 -1.030263e-04 1.001175e-03)
170           	(1.005805e-06 -1.036756e-04 1.001769e-03)
171           	(3.098769e-07 -1.032428e-04 1.001796e-03)
172           	(-4.267724e-07 -1.027765e-04 1.001505e-03)
173           	(-8.716354e-07 -1.023147e-04 1.001075e-03)
174           	(-1.236849e-06 -1.017963e-04 1.000820e-03)
175           	(-1.569165e-06 -1.022323e-04 1.000836e-03)
176           	(-2.089220e-06 -1.026344e-04 1.001000e-03)
177           	(-2.541904e-06 -1.029522e-04 1.001044e-03)
178           	(-2.772714e-06 -1.028607e-04 1.001015e-03)
179           	(-1.897835e-06 -1.031403e-04 1.000950e-03)
180           	(-1.884379e-06 -1.030443e-04 1.000858e-03)
181           	(-1.643875e-06 -1.027369e-04 1.000668e-03)
182           	(-1.390552e-06 -1.017286e-04 1.000654e-03)
183           	(-1.542292e-06 -1.014795e-04 1.000732e-03)
184           	(-1.780005e-06 -1.019114e-04 1.000761e-03)
185           	(-1.988258e-06 -1.019280e-04 1.000675e-03)
186           	(-2.108338e-06 -1.023337e-04 1.000587e-03)
187           	(-2.470078e-06 -9.979476e-05 1.000489e-03)
188           	(-2.384030e-06 -1.015111e-04 1.000792e-03)
189           	(-2.332299e-06 -1.016623e-04 1.000181e-03)
190           	(-2.992524e-06 -9.864923e-05 9.997770e-04)
191           	(-3.050218e-06 -9.883619e-05 1.000355e-03)
192           	(-3.196184e-06 -9.895785e-05 1.000476e-03)
193           	(-3.184758e-06 -9.877079e-05 1.000280e-03)
194           	(-3.128888e-06 -9.915447e-05 1.000159e-03)
195           	(-2.848262e-06 -1.012853e-04 1.000228e-03)
196           	(-2.335473e-06 -1.033162e-04 1.000591e-03)
197           	(-1.328607e-06 -1.139682e-04 1.000930e-03)
198           	(3.361568e-07 -1.241423e-04 1.001569e-03)
199           	(2.186062e-06 -1.349890e-04 1.001418e-03)
200           	(3.677412e-06 -1.482320e-04 1.000053e-03)
201           	(5.065795e-06 -1.604015e-04 9.971823e-04)
202           	(6.813579e-06 -1.735085e-04 9.934481e-04)
203           	(8.292746e-06 -1.877358e-04 9.906432e-04)
204           	(9.251429e-06 -2.006268e-04 9.888891e-04)
205           	(7.549736e-07 -1.654408e-04 9.879176e-04)
206           	(1.177706e-06 -1.799367e-04 9.903987e-04)
207           	(1.815421e-06 -1.795396e-04 9.928785e-04)
208           	(-3.510427e-07 -1.795813e-04 9.960649e-04)
209           	(-1.497087e-06 -1.382089e-04 9.992194e-04)
210           	(-1.152962e-06 -1.490578e-04 1.004476e-03)
211           	(-4.458558e-06 -1.477115e-04 1.007377e-03)
212           	(-5.695042e-06 -1.420062e-04 1.009476e-03)
213           	(-6.282662e-06 -1.298386e-04 1.009819e-03)
214           	(1.140822e-07 -1.257952e-04 1.009492e-03)
215           	(-2.296078e-06 -1.219765e-04 1.006556e-03)
216           	(-1.720239e-06 -1.181409e-04 1.002988e-03)
217           	(-1.734079e-06 -1.150289e-04 1.000934e-03)
218           	(-2.448917e-06 -1.163033e-04 9.997479e-04)
219           	(-3.045794e-06 -1.097167e-04 9.999324e-04)
220           	(-4.266842e-06 -1.082934e-04 1.000441e-03)
221           	(-4.782778e-06 -1.088343e-04 9.992027e-04)
222           	(-5.510635e-06 -1.097431e-04 9.978561e-04)
223           	(-5.094399e-06 -1.126613e-04 9.980655e-04)
224           	(-6.535689e-06 -1.116221e-04 1.000083e-03)
225           	(-6.168596e-06 -1.151884e-04 1.001740e-03)
226           	(-6.761438e-06 -1.162314e-04 1.001253e-03)
227           	(-7.264330e-06 -1.172056e-04 1.000946e-03)
228           	(-8.033932e-06 -1.179939e-04 1.000691e-03)
229           	(-8.502366e-06 -1.192810e-04 1.000690e-03)
230           	(-8.877945e-06 -1.199957e-04 1.000884e-03)
231           	(-9.145073e-06 -1.212717e-04 1.001124e-03)
232           	(-9.348384e-06 -1.219467e-04 1.001242e-03)
233           	(-8.857589e-06 -1.226371e-04 1.001102e-03)
234           	(-8.830794e-06 -1.225683e-04 1.000977e-03)
235           	(-8.810571e-06 -1.230178e-04 1.000749e-03)
236           	(-8.849528e-06 -1.232707e-04 1.000649e-03)
237           	(-8.761674e-06 -1.238256e-04 1.000624e-03)
238           	(-8.807547e-06 -1.243309e-04 1.000675e-03)
239           	(-8.746748e-06 -1.245388e-04 1.000682e-03)
240           	(-9.208394e-06 -1.225195e-04 1.000634e-03)
241           	(-9.165353e-06 -1.243866e-04 1.000931e-03)
242           	(-9.208878e-06 -1.253704e-04 1.000150e-03)
243           	(-9.448911e-06 -1.227549e-04 9.995568e-04)
244           	(-9.760238e-06 -1.228436e-04 1.000302e-03)
245           	(-9.761939e-06 -1.232613e-04 1.000522e-03)
246           	(-9.837788e-06 -1.234197e-04 1.000306e-03)
247           	(-9.657057e-06 -1.253099e-04 1.000090e-03)
248           	(-8.978932e-06 -1.275063e-04 1.000305e-03)
249           	(-8.217097e-06 -1.377769e-04 1.000700e-03)
250           	(-6.270126e-06 -1.480323e-04 1.001782e-03)
251           	(-4.134225e-06 -1.589479e-04 1.002017e-03)
252           	(-2.189044e-06 -1.722826e-04 1.000657e-03)
253           	(-9.457337e-07 -1.851646e-04 9.974021e-04)
254           	(8.153832e-07 -1.990078e-04 9.935148e-04)
255           	(2.087136e-06 -2.123939e-04 9.904752e-04)
256           	(2.956627e-06 -2.260649e-04 9.882925e-04)
257           	(-4.428564e-06 -1.931909e-04 9.875078e-04)
258           	(-5.462658e-06 -2.054442e-04 9.898260e-04)
259           	(-5.053709e-06 -2.045658e-04 9.915436e-04)
260           	(-6.362584e-06 -2.051856e-04 9.954492e-04)
261           	(-7.383924e-06 -1.630847e-04 9.983952e-04)
262           	(-7.027284e-06 -1.754599e-04 1.004146e-03)
263           	(-9.557185e-06 -1.755012e-04 1.007375e-03)
264           	(-8.809590e-06 -1.706014e-04 1.008489e-03)
265           	(-1.139363e-05 -1.573289e-04 1.010878e-03)
266           	(-9.622848e-06 -1.532203e-04 1.011150e-03)
267           	(-6.658270e-06 -1.503742e-04 1.007538e-03)
268           	(-5.666565e-06 -1.438208e-04 1.004020e-03)
269           	(-5.332943e-06 -1.451596e-04 1.002235e-03)
270           	(-6.176692e-06 -1.433367e-04 9.995614e-04)
271           	(-7.798717e-06 -1.385052e-04 9.995161e-04)
272           	(-8.136865e-06 -1.343408e-04 1.000577e-03)
273           	(-9.100682e-06 -1.330423e-04 1.000085e-03)
274           	(-9.630522e-06 -1.335188e-04 9.988890e-04)
275           	(-9.346665e-06 -1.358550e-04 9.979834e-04)
276           	(-1.024508e-05 -1.369001e-04 9.983010e-04)
277           	(-9.748407e-06 -1.404584e-04 1.000455e-03)
278           	(-1.006187e-05 -1.418608e-04 1.001490e-03)
279           	(-1.046528e-05 -1.424787e-04 1.001818e-03)
280           	(-1.072788e-05 -1.432419e-04 1.001508e-03)
281           	(-1.129422e-05 -1.438169e-04 1.000902e-03)
282           	(-1.160107e-05 -1.447126e-04 1.000530e-03)
283           	(-1.176658e-05 -1.456918e-04 1.000525e-03)
284           	(-1.195546e-05 -1.465941e-04 1.000693e-03)
285           	(-1.201141e-05 -1.471715e-04 1.000837e-03)
286           	(-1.188088e-05 -1.478950e-04 1.000877e-03)
287           	(-1.146029e-05 -1.481482e-04 1.000743e-03)
288           	(-1.152958e-05 -1.485432e-04 1.000676e-03)
289           	(-1.114868e-05 -1.487888e-04 1.000543e-03)
290           	(-1.093674e-05 -1.492098e-04 1.000451e-03)
291           	(-1.097832e-05 -1.498439e-04 1.000462e-03)
292           	(-1.094914e-05 -1.501454e-04 1.000459e-03)
293           	(-1.089546e-05 -1.506593e-04 1.000455e-03)
294           	(-1.098124e-05 -1.512912e-04 1.000407e-03)
295           	(-1.124020e-05 -1.492479e-04 1.000369e-03)
296           	(-1.119433e-05 -1.510169e-04 1.000683e-03)
297           	(-1.122614e-05 -1.518542e-04 1.000050e-03)
298           	(-1.162935e-05 -1.495776e-04 9.995963e-04)
299           	(-1.180406e-05 -1.498581e-04 1.000186e-03)
300           	(-1.193608e-05 -1.498948e-04 1.000355e-03)
301           	(-1.169455e-05 -1.502013e-04 1.000219e-03)
302           	(-1.155064e-05 -1.502421e-04 1.000035e-03)
303           	(-1.131835e-05 -1.524347e-04 1.000115e-03)
304           	(-1.052848e-05 -1.548151e-04 1.000464e-03)
305           	(-9.285782e-06 -1.655674e-04 1.000809e-03)
306           	(-7.483530e-06 -1.755600e-04 1.001459e-03)
307           	(-5.722743e-06 -1.866903e-04 1.001345e-03)
308           	(-4.533838e-06 -1.991792e-04 9.999451e-04)
309           	(-2.703075e-06 -2.128031e-04 9.969732e-04)
310           	(-5.430097e-07 -2.265487e-04 9.932866e-04)
311           	(1.048417e-06 -2.403056e-04 9.905289e-04)
312           	(2.053370e-06 -2.538120e-04 9.888912e-04)
313           	(-6.443582e-06 -2.188157e-04 9.878600e-04)
314           	(-5.781418e-06 -2.332701e-04 9.902634e-04)
315           	(-5.385791e-06 -2.331962e-04 9.927222e-04)
316           	(-7.496009e-06 -2.331319e-04 9.959666e-04)
317           	(-8.245680e-06 -1.914856e-04 9.990718e-04)
318           	(-8.791870e-06 -2.036216e-04 1.004233e-03)
319           	(-1.045338e-05 -2.023125e-04 1.007036e-03)
320           	(-9.973323e-06 -1.976564e-04 1.008641e-03)
321           	(-1.209232e-05 -1.840038e-04 1.010026e-03)
322           	(-6.426159e-06 -1.800002e-04 1.009963e-03)
323           	(-7.389529e-06 -1.758493e-04 1.006941e-03)
324           	(-7.205456e-06 -1.730570e-04 1.002873e-03)
325           	(-7.358522e-06 -1.707730e-04 1.000735e-03)
326           	(-7.718620e-06 -1.685648e-04 9.995031e-04)
327           	(-8.449463e-06 -1.609950e-04 1.000038e-03)
328           	(-8.999456e-06 -1.594883e-04 1.000877e-03)
329           	(-9.640719e-06 -1.597599e-04 9.994613e-04)
330           	(-1.014256e-05 -1.609745e-04 9.978525e-04)
331           	(-9.737049e-06 -1.636544e-04 9.979238e-04)
332           	(-1.083780e-05 -1.629531e-04 9.999116e-04)
333           	(-1.043019e-05 -1.663934e-04 1.001638e-03)
334           	(-1.090679e-05 -1.671751e-04 1.001234e-03)
335           	(-1.142342e-05 -1.682433e-04 1.000986e-03)
336           	(-1.157822e-05 -1.691382e-04 1.000657e-03)
337           	(-1.203569e-05 -1.702609e-04 1.000553e-03)
338           	(-1.226655e-05 -1.716020e-04 1.000733e-03)
339           	(-1.265250e-05 -1.726427e-04 1.000967e-03)
340           	(-1.260905e-05 -1.736421e-04 1.001133e-03)
341           	(-1.227766e-05 -1.742010e-04 1.001029e-03)
342           	(-1.236233e-05 -1.744166e-04 1.000890e-03)
343           	(-1.199821e-05 -1.748779e-04 1.000708e-03)
344           	(-1.190396e-05 -1.747825e-04 1.000582e-03)
345           	(-1.192535e-05 -1.755587e-04 1.000583e-03)
346           	(-1.174552e-05 -1.758176e-04 1.000582e-03)
347           	(-1.163687e-05 -1.764020e-04 1.000615e-03)
348           	(-1.204669e-05 -1.740553e-04 1.000550e-03)
349           	(-1.212684e-05 -1.759564e-04 1.000796e-03)
350           	(-1.192911e-05 -1.769686e-04 1.000094e-03)
351           	(-1.242956e-05 -1.748321e-04 9.995863e-04)
352           	(-1.252898e-05 -1.746977e-04 1.000253e-03)
353           	(-1.258900e-05 -1.750811e-04 1.000457e-03)
354           	(-1.234937e-05 -1.754070e-04 1.000270e-03)
355           	(-1.232053e-05 -1.757919e-04 1.000090e-03)
356           	(-1.151582e-05 -1.780413e-04 1.000161e-03)
357           	(-1.084922e-05 -1.875994e-04 1.000712e-03)
358           	(-9.585507e-06 -1.955534e-04 1.001663e-03)
359           	(-7.632616e-06 -2.057116e-04 1.001586e-03)
360           	(-5.830928e-06 -2.174798e-04 1.001099e-03)
361           	(-4.265054e-06 -2.315198e-04 9.986068e-04)
362           	(-2.851176e-06 -2.443197e-04 9.950292e-04)
363           	(-1.102733e-06 -2.577919e-04 9.916553e-04)
364           	(1.985084e-07 -2.721072e-04 9.893161e-04)
365           	(-2.842790e-07 -2.830052e-04 9.881067e-04)
366           	(-5.871736e-06 -2.550715e-04 9.886726e-04)
367           	(-8.779155e-06 -2.573077e-04 9.909567e-04)
368           	(-8.754628e-06 -2.664952e-04 9.939929e-04)
369           	(-1.294785e-05 -2.369215e-04 9.958664e-04)
370           	(-1.138877e-05 -2.251269e-04 1.001839e-03)
371           	(-1.158319e-05 -2.335181e-04 1.006769e-03)
372           	(-1.438848e-05 -2.287446e-04 1.007380e-03)
373           	(-1.434052e-05 -2.082868e-04 1.009402e-03)
374           	(-1.371243e-05 -2.114088e-04 1.011041e-03)
375           	(-7.805713e-06 -2.063251e-04 1.008265e-03)
376           	(-7.750342e-06 -1.990886e-04 1.004397e-03)
377           	(-7.271606e-06 -1.971574e-04 1.003309e-03)
378           	(-7.184227e-06 -1.951699e-04 1.000862e-03)
379           	(-9.113492e-06 -1.931600e-04 1.000022e-03)
380           	(-9.492449e-06 -1.866213e-04 1.000134e-03)
381           	(-1.049543e-05 -1.852896e-04 1.000059e-03)
382           	(-1.100490e-05 -1.851456e-04 9.987830e-04)
383           	(-1.113237e-05 -1.870383e-04 9.981337e-04)
384           	(-1.159544e-05 -1.883639e-04 9.983918e-04)
385           	(-1.192806e-05 -1.892226e-04 1.000393e-03)
386           	(-1.192176e-05 -1.920257e-04 1.001326e-03)
387           	(-1.229412e-05 -1.924557e-04 1.000984e-03)
388           	(-1.277591e-05 -1.932133e-04 1.000834e-03)
389           	(-1.308123e-05 -1.944535e-04 1.000651e-03)
390           	(-1.346604e-05 -1.953966e-04 1.000652e-03)
391           	(-1.380195e-05 -1.964105e-04 1.000836e-03)
392           	(-1.368269e-05 -1.973922e-04 1.001037e-03)
393           	(-1.397005e-05 -1.983804e-04 1.001089e-03)
394           	(-1.342373e-05 -1.989798e-04 1.000927e-03)
395           	(-1.316993e-05 -1.992282e-04 1.000845e-03)
396           	(-1.323623e-05 -1.996685e-04 1.000679e-03)
397           	(-1.290649e-05 -1.999936e-04 1.000571e-03)
398           	(-1.284866e-05 -2.007909e-04 1.000557e-03)
399           	(-1.290307e-05 -2.010688e-04 1.000592e-03)
400           	(-1.287083e-05 -2.018522e-04 1.000547e-03)
401           	(-1.327812e-05 -1.996378e-04 1.000474e-03)
402           	(-1.323670e-05 -2.016934e-04 1.000792e-03)
403           	(-1.307956e-05 -2.029762e-04 1.000052e-03)
404           	(-1.338001e-05 -2.004254e-04 9.994679e-04)
405           	(-1.354684e-05 -2.003945e-04 1.000236e-03)
406           	(-1.354080e-05 -2.003632e-04 1.000508e-03)
407           	(-1.340088e-05 -2.007714e-04 1.000324e-03)
408           	(-1.295578e-05 -2.029034e-04 1.000110e-03)
409           	(-1.253622e-05 -2.048214e-04 1.000332e-03)
410           	(-1.141797e-05 -2.151749e-04 1.000649e-03)
411           	(-9.588049e-06 -2.253662e-04 1.001678e-03)
412           	(-7.508003e-06 -2.364490e-04 1.001910e-03)
413           	(-5.633324e-06 -2.501472e-04 1.000567e-03)
414           	(-4.317407e-06 -2.630005e-04 9.974189e-04)
415           	(-2.557586e-06 -2.768364e-04 9.936008e-04)
416           	(-1.007200e-06 -2.904406e-04 9.906019e-04)
417           	(-1.927594e-07 -3.043743e-04 9.884146e-04)
418           	(-4.595495e-06 -2.900388e-04 9.874966e-04)
419           	(-7.835141e-06 -2.855192e-04 9.888836e-04)
420           	(-7.431605e-06 -2.853616e-04 9.913718e-04)
421           	(-8.897630e-06 -2.858264e-04 9.955120e-04)
422           	(-1.013396e-05 -2.426763e-04 9.978394e-04)
423           	(-9.882246e-06 -2.551118e-04 1.003400e-03)
424           	(-1.241437e-05 -2.552321e-04 1.006803e-03)
425           	(-1.182528e-05 -2.503244e-04 1.008207e-03)
426           	(-1.426265e-05 -2.366370e-04 1.010757e-03)
427           	(-1.247951e-05 -2.320857e-04 1.011299e-03)
428           	(-9.142189e-06 -2.287934e-04 1.007605e-03)
429           	(-8.458061e-06 -2.251311e-04 1.004078e-03)
430           	(-7.845630e-06 -2.226803e-04 1.001657e-03)
431           	(-8.553935e-06 -2.206105e-04 9.996064e-04)
432           	(-1.025407e-05 -2.155639e-04 9.998451e-04)
433           	(-1.081239e-05 -2.111153e-04 1.000858e-03)
434           	(-1.134216e-05 -2.101887e-04 1.000172e-03)
435           	(-1.206414e-05 -2.102770e-04 9.988058e-04)
436           	(-1.187072e-05 -2.126830e-04 9.978942e-04)
437           	(-1.291268e-05 -2.131998e-04 9.982577e-04)
438           	(-1.237330e-05 -2.169817e-04 1.000486e-03)
439           	(-1.276513e-05 -2.181171e-04 1.001541e-03)
440           	(-1.289231e-05 -2.186090e-04 1.001845e-03)
441           	(-1.341252e-05 -2.191257e-04 1.001445e-03)
442           	(-1.379241e-05 -2.195072e-04 1.000852e-03)
443           	(-1.403777e-05 -2.204546e-04 1.000466e-03)
444           	(-1.427278e-05 -2.212924e-04 1.000478e-03)
445           	(-1.448269e-05 -2.223977e-04 1.000655e-03)
446           	(-1.449810e-05 -2.232675e-04 1.000809e-03)
447           	(-1.457740e-05 -2.238644e-04 1.000864e-03)
448           	(-1.420072e-05 -2.244823e-04 1.000746e-03)
449           	(-1.411310e-05 -2.249760e-04 1.000661e-03)
450           	(-1.375777e-05 -2.251826e-04 1.000540e-03)
451           	(-1.368495e-05 -2.256706e-04 1.000465e-03)
452           	(-1.351484e-05 -2.262503e-04 1.000455e-03)
453           	(-1.360298e-05 -2.268522e-04 1.000462e-03)
454           	(-1.359035e-05 -2.274301e-04 1.000436e-03)
455           	(-1.353088e-05 -2.279405e-04 1.000378e-03)
456           	(-1.397939e-05 -2.258669e-04 1.000364e-03)
457           	(-1.391034e-05 -2.276339e-04 1.000639e-03)
458           	(-1.379161e-05 -2.288526e-04 1.000014e-03)
459           	(-1.426987e-05 -2.266085e-04 9.995800e-04)
460           	(-1.443078e-05 -2.266861e-04 1.000163e-03)
461           	(-1.449308e-05 -2.268760e-04 1.000341e-03)
462           	(-1.425205e-05 -2.272202e-04 1.000167e-03)
463           	(-1.417313e-05 -2.271291e-04 9.999777e-04)
464           	(-1.389977e-05 -2.291351e-04 1.000066e-03)
465           	(-1.328178e-05 -2.315464e-04 1.000424e-03)
466           	(-1.227346e-05 -2.415975e-04 1.000733e-03)
467           	(-1.044019e-05 -2.516818e-04 1.001430e-03)
468           	(-8.703639e-06 -2.627770e-04 1.001350e-03)
469           	(-7.516218e-06 -2.745247e-04 9.999976e-04)
470           	(-5.738754e-06 -2.883543e-04 9.971622e-04)
471           	(-3.733244e-06 -3.014989e-04 9.934877e-04)
472           	(-2.845022e-06 -3.150247e-04 9.907304e-04)
473           	(-1.519252e-06 -3.285546e-04 9.888271e-04)
474           	(-9.860546e-06 -2.936438e-04 9.878293e-04)
475           	(-9.195676e-06 -3.081149e-04 9.902077e-04)
476           	(-8.380163e-06 -3.077702e-04 9.925857e-04)
477           	(-1.046362e-05 -3.072685e-04 9.956057e-04)
478           	(-1.148710e-05 -2.660497e-04 9.985938e-04)
479           	(-1.214862e-05 -2.780834e-04 1.003852e-03)
480           	(-1.378730e-05 -2.767493e-04 1.006733e-03)
481           	(-1.283820e-05 -2.715659e-04 1.008496e-03)
482           	(-1.512332e-05 -2.580735e-04 1.010211e-03)
483           	(-9.936722e-06 -2.581784e-04 1.009841e-03)
484           	(-1.088661e-05 -2.495850e-04 1.006496e-03)
485           	(-1.021890e-05 -2.466037e-04 1.002886e-03)
486           	(-1.008729e-05 -2.445512e-04 1.001154e-03)
487           	(-1.061480e-05 -2.423996e-04 9.996177e-04)
488           	(-1.184986e-05 -2.393567e-04 9.997919e-04)
489           	(-1.225443e-05 -2.336722e-04 1.000368e-03)
490           	(-1.273886e-05 -2.327778e-04 9.995329e-04)
491           	(-1.347734e-05 -2.332942e-04 9.982945e-04)
492           	(-1.327243e-05 -2.349640e-04 9.982858e-04)
493           	(-1.420382e-05 -2.356746e-04 9.991307e-04)
494           	(-1.358280e-05 -2.388507e-04 1.001032e-03)
495           	(-1.396270e-05 -2.398684e-04 1.001621e-03)
496           	(-1.430360e-05 -2.402681e-04 1.001553e-03)
497           	(-1.481666e-05 -2.404234e-04 1.001115e-03)
498           	(-1.513025e-05 -2.410099e-04 1.000705e-03)
499           	(-1.533529e-05 -2.414164e-04 1.000552e-03)
500           	(-1.534675e-05 -2.422804e-04 1.000606e-03)
501           	(-1.549885e-05 -2.429457e-04 1.000734e-03)
502           	(-1.556880e-05 -2.439332e-04 1.000779e-03)
503           	(-1.563736e-05 -2.444198e-04 1.000770e-03)
504           	(-1.531799e-05 -2.445287e-04 1.000694e-03)
505           	(-1.506442e-05 -2.446049e-04 1.000693e-03)
506           	(-1.490364e-05 -2.450785e-04 1.000587e-03)
507           	(-1.492556e-05 -2.452761e-04 1.000480e-03)
508           	(-1.493103e-05 -2.458480e-04 1.000406e-03)
509           	(-1.493207e-05 -2.462450e-04 1.000408e-03)
510           	(-1.497944e-05 -2.466994e-04 1.000402e-03)
511           	(-1.508678e-05 -2.444696e-04 1.000379e-03)
512           	(-1.485726e-05 -2.464694e-04 1.000663e-03)
513           	(-1.484188e-05 -2.472675e-04 1.000044e-03)
514           	(-1.530077e-05 -2.452328e-04 9.996118e-04)
515           	(-1.509790e-05 -2.471097e-04 1.000165e-03)
516           	(-1.519135e-05 -2.457296e-04 9.998124e-04)
517           	(-1.514358e-05 -2.459406e-04 1.000307e-03)
518           	(-1.508182e-05 -2.462292e-04 1.000315e-03)
519           	(-1.492313e-05 -2.468689e-04 1.000040e-03)
520           	(-1.444327e-05 -2.482235e-04 9.999728e-04)
521           	(-1.363318e-05 -2.565399e-04 1.000216e-03)
522           	(-1.205051e-05 -2.647421e-04 1.001321e-03)
523           	(-9.999789e-06 -2.746343e-04 1.001967e-03)
524           	(-8.422931e-06 -2.857184e-04 1.001449e-03)
525           	(-6.810347e-06 -2.993272e-04 9.993994e-04)
526           	(-5.489491e-06 -3.114997e-04 9.960059e-04)
527           	(-3.693859e-06 -3.248059e-04 9.924046e-04)
528           	(-2.170840e-06 -3.388585e-04 9.898194e-04)
529           	(-1.429380e-06 -3.546731e-04 9.883119e-04)
530           	(-9.138318e-06 -3.193088e-04 9.877539e-04)
531           	(-1.070180e-05 -3.232552e-04 9.905243e-04)
532           	(-1.070968e-05 -3.326546e-04 9.932654e-04)
533           	(-1.419980e-05 -3.187969e-04 9.948037e-04)
534           	(-1.202589e-05 -3.010699e-04 9.995197e-04)
535           	(-1.193199e-05 -3.016821e-04 1.005666e-03)
536           	(-1.478836e-05 -3.004919e-04 1.007736e-03)
537           	(-1.575361e-05 -2.801790e-04 1.009814e-03)
538           	(-1.698064e-05 -2.815765e-04 1.010835e-03)
539           	(-1.115262e-05 -2.767541e-04 1.008521e-03)
540           	(-1.052419e-05 -2.716431e-04 1.005278e-03)
541           	(-9.708089e-06 -2.675670e-04 1.002381e-03)
542           	(-8.564960e-06 -2.673804e-04 1.001219e-03)
543           	(-9.956839e-06 -2.635443e-04 1.000171e-03)
544           	(-1.167356e-05 -2.549473e-04 1.000390e-03)
545           	(-1.283707e-05 -2.505067e-04 1.001115e-03)
546           	(-1.325087e-05 -2.506122e-04 9.996496e-04)
547           	(-1.399073e-05 -2.515009e-04 9.979439e-04)
548           	(-1.329509e-05 -2.542729e-04 9.979097e-04)
549           	(-1.464292e-05 -2.532639e-04 9.998158e-04)
550           	(-1.426350e-05 -2.565395e-04 1.001565e-03)
551           	(-1.470840e-05 -2.572924e-04 1.001251e-03)
552           	(-1.505040e-05 -2.581113e-04 1.001041e-03)
553           	(-1.542123e-05 -2.589561e-04 1.000744e-03)
554           	(-1.564395e-05 -2.601307e-04 1.000625e-03)
555           	(-1.610108e-05 -2.608869e-04 1.000787e-03)
556           	(-1.628494e-05 -2.619433e-04 1.001039e-03)
557           	(-1.612439e-05 -2.626501e-04 1.001205e-03)
558           	(-1.548787e-05 -2.630029e-04 1.001106e-03)
559           	(-1.506446e-05 -2.633374e-04 1.000970e-03)
560           	(-1.503916e-05 -2.637567e-04 1.000725e-03)
561           	(-1.499217e-05 -2.639788e-04 1.000574e-03)
562           	(-1.500985e-05 -2.645639e-04 1.000541e-03)
563           	(-1.496942e-05 -2.650613e-04 1.000567e-03)
564           	(-1.497076e-05 -2.656511e-04 1.000580e-03)
565           	(-1.538888e-05 -2.633509e-04 1.000514e-03)
566           	(-1.520004e-05 -2.654942e-04 1.000819e-03)
567           	(-1.525268e-05 -2.666402e-04 1.000040e-03)
568           	(-1.549258e-05 -2.639116e-04 9.994317e-04)
569           	(-1.564031e-05 -2.639295e-04 1.000227e-03)
570           	(-1.550532e-05 -2.642363e-04 1.000476e-03)
571           	(-1.541607e-05 -2.643980e-04 1.000272e-03)
572           	(-1.483103e-05 -2.665667e-04 1.000052e-03)
573           	(-1.421466e-05 -2.741837e-04 1.000263e-03)
574           	(-1.321569e-05 -2.814685e-04 1.001178e-03)
575           	(-1.122137e-05 -2.904151e-04 1.001748e-03)
576           	(-9.230854e-06 -3.006684e-04 1.001832e-03)
577           	(-6.952608e-06 -3.140752e-04 1.000123e-03)
578           	(-5.799773e-06 -3.267470e-04 9.967223e-04)
579           	(-4.178330e-06 -3.405072e-04 9.931523e-04)
580           	(-2.768258e-06 -3.541429e-04 9.903540e-04)
581           	(-1.861151e-06 -3.681073e-04 9.883144e-04)
582           	(-9.251355e-06 -3.347935e-04 9.875003e-04)
583           	(-1.009976e-05 -3.472341e-04 9.898096e-04)
584           	(-9.538315e-06 -3.465667e-04 9.917718e-04)
585           	(-1.105835e-05 -3.467574e-04 9.956214e-04)
586           	(-1.190872e-05 -3.042781e-04 9.986426e-04)
587           	(-1.153910e-05 -3.163712e-04 1.004215e-03)
588           	(-1.401977e-05 -3.161088e-04 1.007410e-03)
589           	(-1.344941e-05 -2.999059e-04 1.008544e-03)
590           	(-1.544402e-05 -2.971868e-04 1.011444e-03)
591           	(-1.040520e-05 -2.946282e-04 1.010174e-03)
592           	(-1.182263e-05 -2.871548e-04 1.006402e-03)
593           	(-1.051225e-05 -2.815958e-04 1.002767e-03)
594           	(-1.039316e-05 -2.817787e-04 1.001668e-03)
595           	(-1.137482e-05 -2.795817e-04 9.998299e-04)
596           	(-1.189318e-05 -2.765291e-04 9.998139e-04)
597           	(-1.255301e-05 -2.717803e-04 1.000567e-03)
598           	(-1.315673e-05 -2.707892e-04 9.998018e-04)
599           	(-1.363941e-05 -2.709746e-04 9.983200e-04)
600           	(-1.353929e-05 -2.727018e-04 9.979983e-04)
601           	(-1.398381e-05 -2.740845e-04 9.986784e-04)
602           	(-1.386802e-05 -2.770953e-04 1.000766e-03)
603           	(-1.420537e-05 -2.779837e-04 1.001609e-03)
604           	(-1.453953e-05 -2.784325e-04 1.001706e-03)
605           	(-1.496505e-05 -2.787749e-04 1.001296e-03)
606           	(-1.536546e-05 -2.793240e-04 1.000768e-03)
607           	(-1.561537e-05 -2.800799e-04 1.000507e-03)
608           	(-1.571249e-05 -2.809985e-04 1.000556e-03)
609           	(-1.601305e-05 -2.818125e-04 1.000722e-03)
610           	(-1.597161e-05 -2.827249e-04 1.000820e-03)
611           	(-1.582669e-05 -2.834255e-04 1.000842e-03)
612           	(-1.533857e-05 -2.838915e-04 1.000727e-03)
613           	(-1.544323e-05 -2.842463e-04 1.000672e-03)
614           	(-1.499715e-05 -2.845642e-04 1.000571e-03)
615           	(-1.511642e-05 -2.846513e-04 1.000486e-03)
616           	(-1.501263e-05 -2.852449e-04 1.000449e-03)
617           	(-1.496874e-05 -2.854887e-04 1.000452e-03)
618           	(-1.510680e-05 -2.857597e-04 1.000444e-03)
619           	(-1.544264e-05 -2.837630e-04 1.000422e-03)
620           	(-1.526130e-05 -2.856843e-04 1.000664e-03)
621           	(-1.515344e-05 -2.862506e-04 1.000058e-03)
622           	(-1.556818e-05 -2.842608e-04 9.996366e-04)
623           	(-1.533412e-05 -2.862462e-04 1.000175e-03)
624           	(-1.555471e-05 -2.844892e-04 9.998140e-04)
625           	(-1.572122e-05 -2.844844e-04 1.000295e-03)
626           	(-1.537119e-05 -2.850338e-04 1.000298e-03)
627           	(-1.525961e-05 -2.848874e-04 1.000060e-03)
628           	(-1.494975e-05 -2.867779e-04 9.999733e-04)
629           	(-1.398974e-05 -2.949670e-04 1.000325e-03)
630           	(-1.265995e-05 -3.026356e-04 1.001346e-03)
631           	(-1.068576e-05 -3.118781e-04 1.001705e-03)
632           	(-9.123513e-06 -3.228560e-04 1.001539e-03)
633           	(-7.434383e-06 -3.366387e-04 9.996375e-04)
634           	(-5.957631e-06 -3.488788e-04 9.962274e-04)
635           	(-4.017955e-06 -3.623404e-04 9.925220e-04)
636           	(-2.640864e-06 -3.765810e-04 9.898488e-04)
637           	(-1.942951e-06 -3.908867e-04 9.883233e-04)
638           	(-9.613187e-06 -3.553612e-04 9.876275e-04)
639           	(-1.106666e-05 -3.595595e-04 9.903152e-04)
640           	(-1.027404e-05 -3.690134e-04 9.934785e-04)
641           	(-1.186355e-05 -3.681464e-04 9.949033e-04)
642           	(-1.293013e-05 -3.259377e-04 9.984727e-04)
643           	(-1.175549e-05 -3.373424e-04 1.004736e-03)
644           	(-1.481295e-05 -3.359735e-04 1.008393e-03)
645           	(-1.594825e-05 -3.156229e-04 1.010541e-03)
646           	(-1.818898e-05 -3.145282e-04 1.011087e-03)
647           	(-9.463338e-06 -3.126175e-04 1.008318e-03)
648           	(-1.227146e-05 -3.060326e-04 1.004794e-03)
649           	(-1.115015e-05 -3.019163e-04 1.002149e-03)
650           	(-1.072031e-05 -2.999854e-04 1.001445e-03)
651           	(-1.181829e-05 -2.981296e-04 1.000524e-03)
652           	(-1.243402e-05 -2.949079e-04 1.000413e-03)
653           	(-1.311808e-05 -2.898858e-04 1.000529e-03)
654           	(-1.359845e-05 -2.891043e-04 9.992549e-04)
655           	(-1.418812e-05 -2.894714e-04 9.979289e-04)
656           	(-1.363198e-05 -2.921588e-04 9.980843e-04)
657           	(-1.493594e-05 -2.911336e-04 9.999669e-04)
658           	(-1.441391e-05 -2.944394e-04 1.001513e-03)
659           	(-1.486492e-05 -2.952443e-04 1.001059e-03)
660           	(-1.526058e-05 -2.959996e-04 1.000874e-03)
661           	(-1.553264e-05 -2.967411e-04 1.000704e-03)
662           	(-1.580399e-05 -2.978754e-04 1.000697e-03)
663           	(-1.619458e-05 -2.985563e-04 1.000872e-03)
664           	(-1.632812e-05 -2.996195e-04 1.001054e-03)
665           	(-1.610205e-05 -3.000983e-04 1.001163e-03)
666           	(-1.563716e-05 -3.005105e-04 1.001056e-03)
667           	(-1.539212e-05 -3.006304e-04 1.000969e-03)
668           	(-1.523327e-05 -3.011487e-04 1.000740e-03)
669           	(-1.514854e-05 -3.013795e-04 1.000583e-03)
670           	(-1.522120e-05 -3.016137e-04 1.000530e-03)
671           	(-1.514843e-05 -3.023179e-04 1.000528e-03)
672           	(-1.519392e-05 -3.022629e-04 1.000568e-03)
673           	(-1.544005e-05 -3.000471e-04 1.000516e-03)
674           	(-1.529955e-05 -3.017541e-04 1.000811e-03)
675           	(-1.527231e-05 -3.026029e-04 1.000064e-03)
676           	(-1.561880e-05 -2.997032e-04 9.994678e-04)
677           	(-1.567551e-05 -2.998618e-04 1.000219e-03)
678           	(-1.572544e-05 -2.993211e-04 1.000472e-03)
679           	(-1.560936e-05 -2.996545e-04 1.000286e-03)
680           	(-1.518429e-05 -3.015460e-04 1.000098e-03)
681           	(-1.459550e-05 -3.031721e-04 1.000286e-03)
682           	(-1.360003e-05 -3.136458e-04 1.000673e-03)
683           	(-1.176467e-05 -3.230002e-04 1.001746e-03)
684           	(-9.669917e-06 -3.333424e-04 1.001551e-03)
685           	(-7.658255e-06 -3.475471e-04 1.000585e-03)
686           	(-6.118597e-06 -3.608603e-04 9.973777e-04)
687           	(-4.420291e-06 -3.747282e-04 9.933962e-04)
688           	(-2.932296e-06 -3.883110e-04 9.902546e-04)
689           	(-1.971492e-06 -4.021473e-04 9.880916e-04)
690           	(-9.371102e-06 -3.689302e-04 9.873703e-04)
691           	(-1.022344e-05 -3.811369e-04 9.897582e-04)
692           	(-1.060614e-05 -3.791646e-04 9.915303e-04)
693           	(-1.150113e-05 -3.794580e-04 9.950979e-04)
694           	(-1.229218e-05 -3.373315e-04 9.983906e-04)
695           	(-1.180474e-05 -3.491655e-04 1.004339e-03)
696           	(-1.407139e-05 -3.484792e-04 1.007313e-03)
697           	(-1.366542e-05 -3.434766e-04 1.008343e-03)
698           	(-1.544846e-05 -3.291162e-04 1.010772e-03)
699           	(-1.341847e-05 -3.244902e-04 1.010633e-03)
700           	(-1.153563e-05 -3.212739e-04 1.007412e-03)
701           	(-1.052259e-05 -3.143034e-04 1.003748e-03)
702           	(-1.039466e-05 -3.134006e-04 1.002136e-03)
703           	(-1.146443e-05 -3.126165e-04 9.997257e-04)
704           	(-1.211566e-05 -3.096450e-04 9.995528e-04)
705           	(-1.284579e-05 -3.049198e-04 1.000386e-03)
706           	(-1.333030e-05 -3.033976e-04 9.999141e-04)
707           	(-1.391863e-05 -3.035040e-04 9.988214e-04)
708           	(-1.373462e-05 -3.054535e-04 9.980190e-04)
709           	(-1.474733e-05 -3.061471e-04 9.983649e-04)
710           	(-1.416112e-05 -3.096421e-04 1.000453e-03)
711           	(-1.443916e-05 -3.105600e-04 1.001441e-03)
712           	(-1.476692e-05 -3.107888e-04 1.001755e-03)
713           	(-1.527686e-05 -3.112171e-04 1.001459e-03)
714           	(-1.554353e-05 -3.115983e-04 1.000885e-03)
715           	(-1.591472e-05 -3.122408e-04 1.000510e-03)
716           	(-1.588076e-05 -3.130969e-04 1.000485e-03)
717           	(-1.622831e-05 -3.134532e-04 1.000665e-03)
718           	(-1.620052e-05 -3.144176e-04 1.000796e-03)
719           	(-1.628788e-05 -3.147118e-04 1.000858e-03)
720           	(-1.583444e-05 -3.148829e-04 1.000755e-03)
721           	(-1.587603e-05 -3.152556e-04 1.000672e-03)
722           	(-1.550503e-05 -3.152588e-04 1.000525e-03)
723           	(-1.545456e-05 -3.153778e-04 1.000438e-03)
724           	(-1.545004e-05 -3.153876e-04 1.000403e-03)
725           	(-1.534309e-05 -3.158085e-04 1.000450e-03)
726           	(-1.531607e-05 -3.158610e-04 1.000436e-03)
727           	(-1.524177e-05 -3.166356e-04 1.000380e-03)
728           	(-1.565192e-05 -3.137064e-04 1.000336e-03)
729           	(-1.550009e-05 -3.156585e-04 1.000605e-03)
730           	(-1.552049e-05 -3.163648e-04 9.999955e-04)
731           	(-1.588083e-05 -3.138670e-04 9.995435e-04)
732           	(-1.590403e-05 -3.139809e-04 1.000145e-03)
733           	(-1.576756e-05 -3.140725e-04 1.000325e-03)
734           	(-1.572032e-05 -3.140623e-04 1.000150e-03)
735           	(-1.539641e-05 -3.142445e-04 9.999769e-04)
736           	(-1.518827e-05 -3.162022e-04 1.000038e-03)
737           	(-1.451230e-05 -3.183729e-04 1.000403e-03)
738           	(-1.330732e-05 -3.289266e-04 1.000745e-03)
739           	(-1.131630e-05 -3.390798e-04 1.001420e-03)
740           	(-9.565435e-06 -3.500150e-04 1.001302e-03)
741           	(-7.747229e-06 -3.637244e-04 9.998770e-04)
742           	(-6.323907e-06 -3.759560e-04 9.969333e-04)
743           	(-4.339645e-06 -3.889267e-04 9.931931e-04)
744           	(-2.922069e-06 -4.030364e-04 9.904030e-04)
745           	(-2.046339e-06 -4.172211e-04 9.886749e-04)
746           	(-1.052727e-05 -3.817252e-04 9.877737e-04)
747           	(-1.035594e-05 -3.965321e-04 9.901002e-04)
748           	(-9.542320e-06 -3.958158e-04 9.927057e-04)
749           	(-1.272290e-05 -3.807109e-04 9.955485e-04)
750           	(-1.046705e-05 -3.627566e-04 9.993192e-04)
751           	(-1.174086e-05 -3.637692e-04 1.004152e-03)
752           	(-1.544438e-05 -3.620683e-04 1.006778e-03)
753           	(-1.606144e-05 -3.554302e-04 1.008986e-03)
754           	(-1.663702e-05 -3.429301e-04 1.009264e-03)
755           	(-9.827160e-06 -3.390570e-04 1.009556e-03)
756           	(-1.145904e-05 -3.340952e-04 1.006906e-03)
757           	(-1.060415e-05 -3.308831e-04 1.002920e-03)
758           	(-1.074445e-05 -3.278185e-04 1.000752e-03)
759           	(-1.160857e-05 -3.258980e-04 9.993599e-04)
760           	(-1.261820e-05 -3.179107e-04 9.998980e-04)
761           	(-1.321494e-05 -3.154723e-04 1.000597e-03)
762           	(-1.392967e-05 -3.154038e-04 9.994323e-04)
763           	(-1.422900e-05 -3.160480e-04 9.979105e-04)
764           	(-1.397447e-05 -3.186178e-04 9.979287e-04)
765           	(-1.514550e-05 -3.174336e-04 9.998514e-04)
766           	(-1.472247e-05 -3.203726e-04 1.001536e-03)
767           	(-1.503666e-05 -3.209789e-04 1.001157e-03)
768           	(-1.532171e-05 -3.215625e-04 1.000953e-03)
769           	(-1.564283e-05 -3.221114e-04 1.000662e-03)
770           	(-1.594749e-05 -3.229078e-04 1.000603e-03)
771           	(-1.626486e-05 -3.233234e-04 1.000765e-03)
772           	(-1.627704e-05 -3.242058e-04 1.001007e-03)
773           	(-1.617744e-05 -3.246841e-04 1.001172e-03)
774           	(-1.572936e-05 -3.247643e-04 1.001050e-03)
775           	(-1.529390e-05 -3.250407e-04 1.000922e-03)
776           	(-1.543060e-05 -3.250602e-04 1.000688e-03)
777           	(-1.540257e-05 -3.250839e-04 1.000530e-03)
778           	(-1.528312e-05 -3.256872e-04 1.000499e-03)
779           	(-1.527402e-05 -3.257943e-04 1.000542e-03)
780           	(-1.522130e-05 -3.262214e-04 1.000547e-03)
781           	(-1.552387e-05 -3.234629e-04 1.000503e-03)
782           	(-1.553076e-05 -3.254805e-04 1.000802e-03)
783           	(-1.543377e-05 -3.262013e-04 1.000030e-03)
784           	(-1.585029e-05 -3.234575e-04 9.994495e-04)
785           	(-1.586541e-05 -3.230520e-04 1.000210e-03)
786           	(-1.566887e-05 -3.229643e-04 1.000466e-03)
787           	(-1.540035e-05 -3.233263e-04 1.000265e-03)
788           	(-1.500963e-05 -3.250710e-04 1.000058e-03)
789           	(-1.444220e-05 -3.269213e-04 1.000284e-03)
790           	(-1.339599e-05 -3.369996e-04 1.000625e-03)
791           	(-1.148004e-05 -3.473547e-04 1.001666e-03)
792           	(-9.351466e-06 -3.580929e-04 1.001898e-03)
793           	(-7.263687e-06 -3.719508e-04 1.000509e-03)
794           	(-5.997009e-06 -3.847227e-04 9.972524e-04)
795           	(-4.232718e-06 -3.983952e-04 9.933636e-04)
796           	(-2.754084e-06 -4.118055e-04 9.903347e-04)
797           	(-1.806249e-06 -4.255957e-04 9.881704e-04)
798           	(-9.193073e-06 -3.924071e-04 9.873577e-04)
799           	(-9.937861e-06 -4.047523e-04 9.896777e-04)
800           	(-9.569431e-06 -4.035468e-04 9.913938e-04)
801           	(-1.095527e-05 -4.038636e-04 9.953054e-04)
802           	(-1.189890e-05 -3.613421e-04 9.982529e-04)
803           	(-1.152723e-05 -3.733739e-04 1.003976e-03)
804           	(-1.394557e-05 -3.730948e-04 1.007201e-03)
805           	(-1.322956e-05 -3.680657e-04 1.008313e-03)
806           	(-1.639494e-05 -3.541815e-04 1.010878e-03)
807           	(-1.384804e-05 -3.492007e-04 1.011107e-03)
808           	(-1.067620e-05 -3.465294e-04 1.007439e-03)
809           	(-1.030684e-05 -3.392425e-04 1.003935e-03)
810           	(-9.608146e-06 -3.389720e-04 1.002126e-03)
811           	(-1.038402e-05 -3.367520e-04 9.996468e-04)
812           	(-1.205413e-05 -3.319184e-04 9.996447e-04)
813           	(-1.277058e-05 -3.263910e-04 1.000678e-03)
814           	(-1.349943e-05 -3.247704e-04 1.000104e-03)
815           	(-1.406022e-05 -3.249317e-04 9.988782e-04)
816           	(-1.376353e-05 -3.269297e-04 9.979597e-04)
817           	(-1.468456e-05 -3.276715e-04 9.982450e-04)
818           	(-1.437357e-05 -3.306314e-04 1.000394e-03)
819           	(-1.454192e-05 -3.318950e-04 1.001432e-03)
820           	(-1.514645e-05 -3.320300e-04 1.001801e-03)
821           	(-1.536648e-05 -3.322023e-04 1.001463e-03)
822           	(-1.575850e-05 -3.324256e-04 1.000876e-03)
823           	(-1.597911e-05 -3.333928e-04 1.000477e-03)
824           	(-1.619073e-05 -3.336224e-04 1.000458e-03)
825           	(-1.626211e-05 -3.341276e-04 1.000635e-03)
826           	(-1.636763e-05 -3.349794e-04 1.000795e-03)
827           	(-1.631908e-05 -3.353533e-04 1.000862e-03)
828           	(-1.577992e-05 -3.358103e-04 1.000716e-03)
829           	(-1.576380e-05 -3.358226e-04 1.000645e-03)
830           	(-1.558952e-05 -3.358957e-04 1.000508e-03)
831           	(-1.540189e-05 -3.359063e-04 1.000418e-03)
832           	(-1.543222e-05 -3.361472e-04 1.000426e-03)
833           	(-1.533672e-05 -3.364708e-04 1.000430e-03)
834           	(-1.531287e-05 -3.368238e-04 1.000404e-03)
835           	(-1.532664e-05 -3.370163e-04 1.000361e-03)
836           	(-1.581829e-05 -3.347728e-04 1.000316e-03)
837           	(-1.563732e-05 -3.364278e-04 1.000600e-03)
838           	(-1.567358e-05 -3.370376e-04 9.999741e-04)
839           	(-1.596767e-05 -3.347904e-04 9.995391e-04)
840           	(-1.600433e-05 -3.344816e-04 1.000157e-03)
841           	(-1.597033e-05 -3.348491e-04 1.000325e-03)
842           	(-1.580911e-05 -3.346849e-04 1.000160e-03)
843           	(-1.556391e-05 -3.348032e-04 9.999746e-04)
844           	(-1.523181e-05 -3.365348e-04 1.000030e-03)
845           	(-1.446345e-05 -3.386645e-04 1.000396e-03)
846           	(-1.327341e-05 -3.492645e-04 1.000727e-03)
847           	(-1.129232e-05 -3.592257e-04 1.001424e-03)
848           	(-9.508820e-06 -3.702031e-04 1.001314e-03)
849           	(-8.349344e-06 -3.822271e-04 9.999071e-04)
850           	(-6.613046e-06 -3.954549e-04 9.969435e-04)
851           	(-4.601495e-06 -4.087461e-04 9.932723e-04)
852           	(-3.013666e-06 -4.228392e-04 9.904903e-04)
853           	(-1.842429e-06 -4.360968e-04 9.887379e-04)
854           	(-1.038805e-05 -4.006215e-04 9.877199e-04)
855           	(-9.811577e-06 -4.149541e-04 9.901341e-04)
856           	(-9.532074e-06 -4.144772e-04 9.926017e-04)
857           	(-1.161318e-05 -4.140384e-04 9.958484e-04)
858           	(-1.240466e-05 -3.720673e-04 9.989402e-04)
859           	(-1.273473e-05 -3.840484e-04 1.004094e-03)
860           	(-1.440691e-05 -3.821059e-04 1.006920e-03)
861           	(-1.383394e-05 -3.769581e-04 1.008502e-03)
862           	(-1.631968e-05 -3.626927e-04 1.009933e-03)
863           	(-9.938560e-06 -3.586658e-04 1.009912e-03)
864           	(-1.132828e-05 -3.535217e-04 1.006970e-03)
865           	(-1.081930e-05 -3.504444e-04 1.002911e-03)
866           	(-1.109487e-05 -3.477181e-04 1.000801e-03)
867           	(-1.164692e-05 -3.450823e-04 9.993437e-04)
868           	(-1.279088e-05 -3.372290e-04 9.998585e-04)
869           	(-1.335873e-05 -3.346227e-04 1.000811e-03)
870           	(-1.388089e-05 -3.343911e-04 9.995753e-04)
871           	(-1.436685e-05 -3.352001e-04 9.979751e-04)
872           	(-1.422752e-05 -3.364584e-04 9.979651e-04)
873           	(-1.513795e-05 -3.371467e-04 9.990470e-04)
874           	(-1.462188e-05 -3.397693e-04 1.001185e-03)
875           	(-1.501813e-05 -3.405649e-04 1.001827e-03)
876           	(-1.533509e-05 -3.407377e-04 1.001657e-03)
877           	(-1.551338e-05 -3.409664e-04 1.001061e-03)
878           	(-1.581906e-05 -3.408936e-04 1.000582e-03)
879           	(-1.609006e-05 -3.415503e-04 1.000475e-03)
880           	(-1.626516e-05 -3.419586e-04 1.000623e-03)
881           	(-1.623541e-05 -3.426401e-04 1.000787e-03)
882           	(-1.614501e-05 -3.430648e-04 1.000854e-03)
883           	(-1.570795e-05 -3.434398e-04 1.000745e-03)
884           	(-1.580829e-05 -3.435408e-04 1.000664e-03)
885           	(-1.559381e-05 -3.433956e-04 1.000522e-03)
886           	(-1.552935e-05 -3.435598e-04 1.000436e-03)
887           	(-1.547719e-05 -3.437491e-04 1.000428e-03)
888           	(-1.548425e-05 -3.441141e-04 1.000443e-03)
889           	(-1.538249e-05 -3.443209e-04 1.000429e-03)
890           	(-1.540823e-05 -3.442869e-04 1.000376e-03)
891           	(-1.581711e-05 -3.420917e-04 1.000344e-03)
892           	(-1.560380e-05 -3.437261e-04 1.000625e-03)
893           	(-1.548588e-05 -3.440527e-04 1.000000e-03)
894           	(-1.590678e-05 -3.415968e-04 9.995505e-04)
895           	(-1.575294e-05 -3.415307e-04 1.000169e-03)
896           	(-1.585094e-05 -3.412276e-04 1.000343e-03)
897           	(-1.560704e-05 -3.413792e-04 1.000160e-03)
898           	(-1.551039e-05 -3.416246e-04 9.999851e-04)
899           	(-1.512081e-05 -3.431465e-04 1.000040e-03)
900           	(-1.442239e-05 -3.454994e-04 1.000390e-03)
901           	(-1.315145e-05 -3.559693e-04 1.000727e-03)
902           	(-1.140627e-05 -3.656460e-04 1.001398e-03)
903           	(-9.561827e-06 -3.767069e-04 1.001308e-03)
904           	(-8.479200e-06 -3.886123e-04 9.999310e-04)
905           	(-6.661448e-06 -4.021559e-04 9.969838e-04)
906           	(-4.685929e-06 -4.153110e-04 9.932814e-04)
907           	(-2.982395e-06 -4.294582e-04 9.904980e-04)
908           	(-2.305426e-06 -4.433505e-04 9.887466e-04)
909           	(-1.069201e-05 -4.078618e-04 9.877952e-04)
910           	(-1.076538e-05 -4.234778e-04 9.900410e-04)
911           	(-9.980267e-06 -4.226450e-04 9.929630e-04)
912           	(-1.161602e-05 -4.214460e-04 9.951556e-04)
913           	(-1.287847e-05 -3.798146e-04 9.982706e-04)
914           	(-1.282059e-05 -3.916841e-04 1.004048e-03)
915           	(-1.394913e-05 -3.898537e-04 1.007144e-03)
916           	(-1.364407e-05 -3.850211e-04 1.008754e-03)
917           	(-1.664558e-05 -3.709802e-04 1.010849e-03)
918           	(-1.094824e-05 -3.664121e-04 1.010041e-03)
919           	(-1.075265e-05 -3.618898e-04 1.006626e-03)
920           	(-1.094492e-05 -3.586276e-04 1.002940e-03)
921           	(-9.894907e-06 -3.560465e-04 1.000730e-03)
922           	(-1.084444e-05 -3.524701e-04 9.996275e-04)
923           	(-1.243554e-05 -3.491891e-04 1.000145e-03)
924           	(-1.300696e-05 -3.418324e-04 1.000787e-03)
925           	(-1.362553e-05 -3.409439e-04 9.998275e-04)
926           	(-1.424633e-05 -3.408352e-04 9.983284e-04)
927           	(-1.418611e-05 -3.420593e-04 9.981137e-04)
928           	(-1.500559e-05 -3.427537e-04 9.989284e-04)
929           	(-1.453473e-05 -3.453394e-04 1.000954e-03)
930           	(-1.487486e-05 -3.461612e-04 1.001653e-03)
931           	(-1.510742e-05 -3.463203e-04 1.001651e-03)
932           	(-1.560827e-05 -3.464990e-04 1.001169e-03)
933           	(-1.587619e-05 -3.466516e-04 1.000661e-03)
934           	(-1.613655e-05 -3.470552e-04 1.000466e-03)
935           	(-1.619106e-05 -3.475273e-04 1.000561e-03)
936           	(-1.635530e-05 -3.478261e-04 1.000726e-03)
937           	(-1.612558e-05 -3.486842e-04 1.000805e-03)
938           	(-1.621976e-05 -3.489972e-04 1.000744e-03)
939           	(-1.577027e-05 -3.490090e-04 1.000571e-03)
940           	(-1.557508e-05 -3.488223e-04 1.000549e-03)
941           	(-1.560878e-05 -3.490632e-04 1.000514e-03)
942           	(-1.542725e-05 -3.490914e-04 1.000455e-03)
943           	(-1.530145e-05 -3.494363e-04 1.000437e-03)
944           	(-1.540906e-05 -3.493210e-04 1.000422e-03)
945           	(-1.552738e-05 -3.496550e-04 1.000371e-03)
946           	(-1.582772e-05 -3.473919e-04 1.000338e-03)
947           	(-1.559754e-05 -3.486917e-04 1.000597e-03)
948           	(-1.559414e-05 -3.495589e-04 1.000025e-03)
949           	(-1.577838e-05 -3.472918e-04 9.996246e-04)
950           	(-1.575324e-05 -3.487178e-04 1.000163e-03)
951           	(-1.584984e-05 -3.467916e-04 9.997801e-04)
952           	(-1.571465e-05 -3.467217e-04 1.000285e-03)
953           	(-1.561600e-05 -3.465365e-04 1.000302e-03)
954           	(-1.542109e-05 -3.470605e-04 1.000045e-03)
955           	(-1.487490e-05 -3.486642e-04 9.999694e-04)
956           	(-1.418868e-05 -3.569916e-04 1.000185e-03)
957           	(-1.260955e-05 -3.651551e-04 1.001232e-03)
958           	(-1.059963e-05 -3.747192e-04 1.001890e-03)
959           	(-9.176638e-06 -3.855405e-04 1.001386e-03)
960           	(-7.443674e-06 -3.989624e-04 9.993637e-04)
961           	(-5.910383e-06 -4.111558e-04 9.959948e-04)
962           	(-4.114118e-06 -4.242286e-04 9.923850e-04)
963           	(-2.636266e-06 -4.383125e-04 9.897858e-04)
964           	(-1.863437e-06 -4.539588e-04 9.882946e-04)
965           	(-9.631215e-06 -4.182019e-04 9.877387e-04)
966           	(-1.101012e-05 -4.221957e-04 9.904861e-04)
967           	(-1.098354e-05 -4.315612e-04 9.932542e-04)
968           	(-1.419150e-05 -4.168057e-04 9.947847e-04)
969           	(-1.204219e-05 -3.988757e-04 9.994116e-04)
970           	(-1.217463e-05 -3.995342e-04 1.005684e-03)
971           	(-1.498678e-05 -3.972946e-04 1.007819e-03)
972           	(-1.605390e-05 -3.764295e-04 1.009615e-03)
973           	(-1.711232e-05 -3.778134e-04 1.010561e-03)
974           	(-1.179220e-05 -3.727638e-04 1.008590e-03)
975           	(-1.113287e-05 -3.676349e-04 1.005400e-03)
976           	(-1.026575e-05 -3.633503e-04 1.002434e-03)
977           	(-9.615950e-06 -3.626428e-04 1.001193e-03)
978           	(-1.083589e-05 -3.586696e-04 1.000089e-03)
979           	(-1.215848e-05 -3.495181e-04 1.000377e-03)
980           	(-1.341129e-05 -3.455616e-04 1.001124e-03)
981           	(-1.388034e-05 -3.454117e-04 9.995726e-04)
982           	(-1.465697e-05 -3.460508e-04 9.978279e-04)
983           	(-1.413942e-05 -3.487644e-04 9.978431e-04)
984           	(-1.524336e-05 -3.475249e-04 9.997910e-04)
985           	(-1.476657e-05 -3.508712e-04 1.001568e-03)
986           	(-1.536100e-05 -3.514650e-04 1.001253e-03)
987           	(-1.572194e-05 -3.518411e-04 1.001016e-03)
988           	(-1.609367e-05 -3.525670e-04 1.000697e-03)
989           	(-1.643355e-05 -3.532957e-04 1.000583e-03)
990           	(-1.679438e-05 -3.538410e-04 1.000745e-03)
991           	(-1.680289e-05 -3.548616e-04 1.001011e-03)
992           	(-1.665377e-05 -3.551232e-04 1.001183e-03)
993           	(-1.618318e-05 -3.549372e-04 1.001080e-03)
994           	(-1.577247e-05 -3.549941e-04 1.000953e-03)
995           	(-1.588375e-05 -3.551856e-04 1.000714e-03)
996           	(-1.563910e-05 -3.551535e-04 1.000530e-03)
997           	(-1.547689e-05 -3.556523e-04 1.000488e-03)
998           	(-1.556562e-05 -3.559545e-04 1.000531e-03)
999           	(-1.563648e-05 -3.557723e-04 1.000547e-03)
1000          	(-1.591874e-05 -3.532912e-04 1.000490e-03)
