# Region type : patch pressure_outlet
# Faces       : 11534
# Area        : 3.696967e-03
# Scale factor: 1.000000e+00
# Time        	areaAverage(U)
1             	(-1.156860e-06 -9.271569e-07 9.887210e-04)
2             	(-1.054508e-06 -1.015601e-06 1.008204e-03)
3             	(-8.747095e-07 -8.834886e-07 1.005616e-03)
4             	(-6.583452e-07 -7.192078e-07 9.919196e-04)
5             	(-4.585499e-07 -6.593126e-07 1.004845e-03)
6             	(-3.351838e-07 -6.396397e-07 1.002208e-03)
7             	(-2.079801e-07 -5.929764e-07 9.943743e-04)
8             	(-9.977552e-08 -5.646845e-07 1.003143e-03)
9             	(-3.542834e-08 -5.743529e-07 1.000645e-03)
10            	(2.680646e-08 -5.837091e-07 9.971440e-04)
11            	(9.494034e-08 -6.089867e-07 1.002132e-03)
12            	(1.401900e-07 -6.263778e-07 9.995892e-04)
13            	(1.724178e-07 -6.331605e-07 9.988699e-04)
14            	(2.109633e-07 -6.385480e-07 1.001225e-03)
15            	(2.394803e-07 -6.413930e-07 9.993704e-04)
16            	(2.575760e-07 -6.357443e-07 9.997137e-04)
17            	(2.666198e-07 -6.383808e-07 1.000581e-03)
18            	(2.656808e-07 -6.378713e-07 9.994651e-04)
19            	(2.541925e-07 -6.341055e-07 1.000034e-03)
20            	(2.399562e-07 -6.316100e-07 1.000192e-03)
21            	(2.255076e-07 -6.274553e-07 9.996323e-04)
22            	(2.124336e-07 -6.249381e-07 1.000102e-03)
23            	(2.008648e-07 -6.274944e-07 1.000001e-03)
24            	(1.935239e-07 -6.373301e-07 9.997827e-04)
25            	(1.867021e-07 -6.578205e-07 1.000067e-03)
26            	(1.796837e-07 -6.845157e-07 9.999257e-04)
27            	(1.730103e-07 -7.181809e-07 9.998776e-04)
28            	(1.656270e-07 -7.593766e-07 1.000023e-03)
29            	(1.571896e-07 -8.069142e-07 9.999136e-04)
30            	(1.476751e-07 -8.610002e-07 9.999298e-04)
31            	(1.395271e-07 -9.208489e-07 9.999920e-04)
32            	(1.277070e-07 -9.888770e-07 9.999247e-04)
33            	(1.148729e-07 -1.064539e-06 9.999554e-04)
34            	(1.005097e-07 -1.148254e-06 9.999783e-04)
35            	(8.456201e-08 -1.241576e-06 9.999417e-04)
36            	(6.695704e-08 -1.345835e-06 9.999690e-04)
37            	(4.786522e-08 -1.462375e-06 9.999779e-04)
38            	(2.685833e-08 -1.592534e-06 9.999601e-04)
39            	(1.220897e-08 -1.660034e-06 9.999800e-04)
40            	(-1.169882e-08 -1.776699e-06 9.999999e-04)
41            	(-3.495132e-08 -1.926754e-06 9.999871e-04)
42            	(-5.841147e-08 -2.092504e-06 1.000006e-03)
43            	(-7.164513e-08 -2.281631e-06 1.000009e-03)
44            	(-9.471988e-08 -2.489645e-06 1.000001e-03)
45            	(-1.143269e-07 -2.734824e-06 1.000020e-03)
46            	(-1.377308e-07 -3.010050e-06 1.000033e-03)
47            	(-1.641018e-07 -3.321549e-06 1.000027e-03)
48            	(-1.931123e-07 -3.673177e-06 1.000043e-03)
49            	(-2.252290e-07 -4.068882e-06 1.000059e-03)
50            	(-2.607352e-07 -4.514860e-06 1.000058e-03)
51            	(-2.449678e-07 -4.913584e-06 1.000070e-03)
52            	(-2.456437e-07 -5.414239e-06 1.000104e-03)
53            	(-2.330406e-07 -6.018544e-06 1.000100e-03)
54            	(-3.031071e-07 -6.535223e-06 1.000111e-03)
55            	(-5.730847e-07 -5.884558e-06 1.000138e-03)
56            	(-5.273234e-07 -6.639186e-06 1.000478e-03)
57            	(-5.220171e-07 -7.276844e-06 9.996801e-04)
58            	(-8.109892e-07 -6.851719e-06 9.999275e-04)
59            	(-8.099517e-07 -8.293644e-06 1.000846e-03)
60            	(-7.571242e-07 -9.386858e-06 9.995593e-04)
61            	(-1.130143e-06 -8.948669e-06 9.998023e-04)
62            	(-1.228510e-06 -1.100217e-05 1.001013e-03)
63            	(-1.122616e-06 -1.260584e-05 9.994888e-04)
64            	(-1.622823e-06 -1.179732e-05 9.995072e-04)
65            	(-1.087470e-06 -1.408143e-05 1.001193e-03)
66            	(-1.605868e-06 -1.366953e-05 9.993991e-04)
67            	(-1.795692e-06 -1.538257e-05 1.000532e-03)
68            	(-1.632670e-06 -1.544576e-05 9.992492e-04)
69            	(-1.737208e-06 -1.847284e-05 1.001205e-03)
70            	(-1.326037e-06 -1.809044e-05 9.985331e-04)
71            	(-1.546626e-06 -1.831067e-05 1.001201e-03)
72            	(-8.367847e-07 -2.081630e-05 1.000425e-03)
73            	(1.581426e-07 -2.528162e-05 9.986398e-04)
74            	(2.521516e-06 -4.348249e-05 1.001119e-03)
75            	(5.128219e-06 -6.650808e-05 1.002605e-03)
76            	(7.776133e-06 -8.671958e-05 9.991137e-04)
77            	(9.643803e-06 -1.057347e-04 9.931774e-04)
78            	(1.297122e-05 -1.303489e-04 9.885779e-04)
79            	(1.195403e-05 -1.320265e-04 9.843547e-04)
80            	(7.844351e-06 -1.138436e-04 9.879386e-04)
81            	(7.958171e-06 -1.075017e-04 9.953353e-04)
82            	(5.779956e-06 -9.971438e-05 1.000045e-03)
83            	(5.512565e-06 -9.999270e-05 1.011059e-03)
84            	(3.655500e-06 -1.004290e-04 1.014516e-03)
85            	(2.996089e-06 -9.472400e-05 1.008755e-03)
86            	(-9.217182e-07 -9.360091e-05 1.002760e-03)
87            	(-1.581166e-06 -9.347187e-05 9.978050e-04)
88            	(-1.721931e-06 -9.476545e-05 9.997694e-04)
89            	(3.519350e-06 -9.124645e-05 1.000076e-03)
90            	(5.563765e-06 -9.174718e-05 1.005119e-03)
91            	(4.591407e-06 -8.817418e-05 1.002542e-03)
92            	(5.219027e-06 -8.457950e-05 1.001540e-03)
93            	(4.573646e-06 -8.275702e-05 9.957980e-04)
94            	(4.664899e-06 -8.220518e-05 9.988617e-04)
95            	(3.631247e-06 -8.189441e-05 1.001694e-03)
96            	(3.718538e-06 -8.266351e-05 1.001777e-03)
97            	(3.195744e-06 -8.407375e-05 1.001353e-03)
98            	(2.498540e-06 -8.380002e-05 9.996305e-04)
99            	(2.151947e-06 -8.488344e-05 1.000672e-03)
100           	(1.724258e-06 -8.541222e-05 1.001220e-03)
101           	(1.393350e-06 -8.535016e-05 1.001324e-03)
102           	(1.242045e-06 -8.581448e-05 1.000833e-03)
103           	(1.171536e-06 -8.633478e-05 1.000417e-03)
104           	(1.276746e-06 -8.714352e-05 1.000696e-03)
105           	(1.344543e-06 -8.774716e-05 1.000421e-03)
106           	(1.622492e-06 -8.855003e-05 1.000312e-03)
107           	(1.942383e-06 -8.921935e-05 1.000229e-03)
108           	(2.032386e-06 -9.039046e-05 1.000222e-03)
109           	(2.112227e-06 -9.106837e-05 1.000080e-03)
110           	(2.111797e-06 -9.182781e-05 1.000198e-03)
111           	(2.210119e-06 -9.231181e-05 1.000297e-03)
112           	(2.252963e-06 -9.291656e-05 1.000363e-03)
113           	(2.269564e-06 -9.353840e-05 1.000017e-03)
114           	(2.439203e-06 -9.409747e-05 1.000188e-03)
115           	(2.490237e-06 -9.472189e-05 1.000179e-03)
116           	(2.504573e-06 -9.533282e-05 1.000086e-03)
117           	(2.477166e-06 -9.589024e-05 1.000110e-03)
118           	(2.483523e-06 -9.642518e-05 1.000100e-03)
119           	(2.409268e-06 -9.711512e-05 1.000057e-03)
120           	(2.411998e-06 -9.771705e-05 1.000107e-03)
121           	(2.371086e-06 -9.838070e-05 1.000075e-03)
122           	(2.341402e-06 -9.927749e-05 1.000044e-03)
123           	(2.377500e-06 -9.964559e-05 1.000093e-03)
124           	(2.357329e-06 -1.005387e-04 1.000326e-03)
125           	(2.315477e-06 -1.011904e-04 9.998578e-04)
126           	(2.270316e-06 -1.020562e-04 1.000309e-03)
127           	(2.163170e-06 -1.027642e-04 1.000130e-03)
128           	(2.135963e-06 -1.034270e-04 1.000101e-03)
129           	(1.816527e-06 -1.030875e-04 1.000236e-03)
130           	(1.981654e-06 -1.037111e-04 1.000495e-03)
131           	(2.043947e-06 -1.044238e-04 9.998494e-04)
132           	(1.751172e-06 -1.042668e-04 9.998960e-04)
133           	(1.697319e-06 -1.051130e-04 1.000736e-03)
134           	(1.708781e-06 -1.061274e-04 9.998322e-04)
135           	(1.386171e-06 -1.055187e-04 9.997468e-04)
136           	(1.232734e-06 -1.075946e-04 1.000986e-03)
137           	(1.244581e-06 -1.093644e-04 9.995469e-04)
138           	(6.539760e-07 -1.086944e-04 9.995625e-04)
139           	(8.701989e-07 -1.097126e-04 1.001314e-03)
140           	(6.095334e-07 -1.097642e-04 9.995199e-04)
141           	(4.962844e-07 -1.121617e-04 1.000635e-03)
142           	(6.086828e-07 -1.114001e-04 9.990873e-04)
143           	(3.787046e-07 -1.140800e-04 1.001332e-03)
144           	(8.989804e-07 -1.131396e-04 9.982897e-04)
145           	(1.097653e-06 -1.144346e-04 1.001119e-03)
146           	(1.126733e-06 -1.147394e-04 1.000398e-03)
147           	(2.920519e-06 -1.264514e-04 9.989667e-04)
148           	(5.650765e-06 -1.465472e-04 1.001177e-03)
149           	(7.691925e-06 -1.646624e-04 1.001661e-03)
150           	(1.058909e-05 -1.845181e-04 9.975733e-04)
151           	(1.253096e-05 -2.038330e-04 9.922094e-04)
152           	(1.516167e-05 -2.291145e-04 9.883870e-04)
153           	(1.129355e-05 -2.110419e-04 9.840260e-04)
154           	(9.387393e-06 -1.852924e-04 9.900588e-04)
155           	(8.444206e-06 -1.989899e-04 9.996036e-04)
156           	(8.080006e-06 -1.953174e-04 1.003076e-03)
157           	(6.168391e-06 -1.942835e-04 1.015791e-03)
158           	(5.571259e-06 -1.990941e-04 1.014129e-03)
159           	(4.339780e-06 -1.921810e-04 1.003834e-03)
160           	(1.104198e-06 -1.926301e-04 1.000836e-03)
161           	(3.432704e-07 -1.905601e-04 1.001461e-03)
162           	(4.342725e-06 -1.933204e-04 9.985727e-04)
163           	(5.185908e-06 -1.880090e-04 9.993094e-04)
164           	(6.717918e-06 -1.863070e-04 1.006572e-03)
165           	(6.296984e-06 -1.831835e-04 1.002645e-03)
166           	(6.454810e-06 -1.782642e-04 9.975405e-04)
167           	(6.110989e-06 -1.749449e-04 9.977444e-04)
168           	(6.110932e-06 -1.749516e-04 1.001065e-03)
169           	(5.042728e-06 -1.734049e-04 1.001257e-03)
170           	(4.849100e-06 -1.734467e-04 1.002605e-03)
171           	(4.202989e-06 -1.722479e-04 1.000193e-03)
172           	(3.597751e-06 -1.727088e-04 9.995424e-04)
173           	(3.037134e-06 -1.707952e-04 1.001207e-03)
174           	(2.635437e-06 -1.699173e-04 1.002267e-03)
175           	(2.589633e-06 -1.686838e-04 1.000120e-03)
176           	(2.423829e-06 -1.685372e-04 1.000546e-03)
177           	(2.501538e-06 -1.678352e-04 1.001148e-03)
178           	(2.464071e-06 -1.674101e-04 9.999028e-04)
179           	(2.491584e-06 -1.672271e-04 1.000663e-03)
180           	(2.554974e-06 -1.662220e-04 9.999365e-04)
181           	(2.578032e-06 -1.653955e-04 1.000366e-03)
182           	(2.512082e-06 -1.649267e-04 1.000204e-03)
183           	(2.421343e-06 -1.643618e-04 1.000556e-03)
184           	(2.383175e-06 -1.638065e-04 9.998380e-04)
185           	(2.313478e-06 -1.632161e-04 1.000372e-03)
186           	(2.150114e-06 -1.628183e-04 1.000027e-03)
187           	(2.027487e-06 -1.620251e-04 1.000278e-03)
188           	(1.969135e-06 -1.616712e-04 9.999150e-04)
189           	(1.882384e-06 -1.609445e-04 1.000314e-03)
190           	(1.866342e-06 -1.607829e-04 9.998532e-04)
191           	(1.868093e-06 -1.603517e-04 1.000200e-03)
192           	(1.929619e-06 -1.601010e-04 1.000214e-03)
193           	(1.871350e-06 -1.595838e-04 9.998524e-04)
194           	(1.935080e-06 -1.590097e-04 1.000050e-03)
195           	(1.919836e-06 -1.586144e-04 1.000109e-03)
196           	(1.799133e-06 -1.581357e-04 9.999793e-04)
197           	(1.738366e-06 -1.577849e-04 1.000032e-03)
198           	(1.721796e-06 -1.573678e-04 1.000119e-03)
199           	(1.658817e-06 -1.568962e-04 9.999820e-04)
200           	(1.551685e-06 -1.565544e-04 1.000039e-03)
201           	(1.489342e-06 -1.563186e-04 1.000068e-03)
202           	(1.425903e-06 -1.560666e-04 1.000051e-03)
203           	(1.346550e-06 -1.558765e-04 9.999801e-04)
204           	(1.327109e-06 -1.553600e-04 1.000090e-03)
205           	(1.270834e-06 -1.552640e-04 1.000120e-03)
206           	(1.137312e-06 -1.550242e-04 1.000047e-03)
207           	(1.016762e-06 -1.549174e-04 1.000086e-03)
208           	(9.755103e-07 -1.548077e-04 1.000130e-03)
209           	(7.880812e-07 -1.547370e-04 1.000127e-03)
210           	(7.000223e-07 -1.546666e-04 1.000066e-03)
211           	(6.224430e-07 -1.544765e-04 1.000151e-03)
212           	(3.025282e-07 -1.534267e-04 1.000240e-03)
213           	(3.784273e-07 -1.533173e-04 1.000313e-03)
214           	(3.475151e-07 -1.533060e-04 9.999024e-04)
215           	(-2.456606e-08 -1.523622e-04 9.999679e-04)
216           	(-5.928250e-08 -1.526994e-04 1.000569e-03)
217           	(-8.763146e-08 -1.531491e-04 9.998919e-04)
218           	(-5.254851e-07 -1.521577e-04 9.998983e-04)
219           	(-7.262441e-07 -1.533688e-04 1.000706e-03)
220           	(-6.189340e-07 -1.545955e-04 9.996438e-04)
221           	(-1.048925e-06 -1.531669e-04 9.997016e-04)
222           	(-6.644711e-07 -1.546286e-04 1.001171e-03)
223           	(-1.112920e-06 -1.531375e-04 9.994994e-04)
224           	(-1.486801e-06 -1.541152e-04 1.000611e-03)
225           	(-1.335358e-06 -1.534526e-04 9.993282e-04)
226           	(-1.550432e-06 -1.554394e-04 1.001157e-03)
227           	(-1.240019e-06 -1.545154e-04 9.986767e-04)
228           	(-1.858494e-06 -1.540539e-04 1.001255e-03)
229           	(-1.299959e-06 -1.550640e-04 1.000496e-03)
230           	(-2.104939e-07 -1.591587e-04 9.989362e-04)
231           	(1.949968e-06 -1.768099e-04 1.000987e-03)
232           	(4.386793e-06 -1.993169e-04 1.002628e-03)
233           	(7.387678e-06 -2.191427e-04 9.994216e-04)
234           	(9.407287e-06 -2.379248e-04 9.931370e-04)
235           	(1.208465e-05 -2.622380e-04 9.880517e-04)
236           	(1.073881e-05 -2.630092e-04 9.839188e-04)
237           	(8.355211e-06 -2.391182e-04 9.881511e-04)
238           	(7.161472e-06 -2.390579e-04 9.987208e-04)
239           	(5.160905e-06 -2.331583e-04 1.000994e-03)
240           	(5.102872e-06 -2.354792e-04 1.011777e-03)
241           	(3.199230e-06 -2.377640e-04 1.014849e-03)
242           	(2.591948e-06 -2.315850e-04 1.009690e-03)
243           	(-1.503776e-06 -2.309669e-04 1.001039e-03)
244           	(-2.248104e-06 -2.296975e-04 1.000023e-03)
245           	(-2.242480e-06 -2.309526e-04 9.983514e-04)
246           	(2.965686e-06 -2.262362e-04 1.000106e-03)
247           	(5.050406e-06 -2.251758e-04 1.006423e-03)
248           	(4.007451e-06 -2.211555e-04 1.002243e-03)
249           	(4.576816e-06 -2.164663e-04 1.001282e-03)
250           	(3.897765e-06 -2.132374e-04 9.963505e-04)
251           	(3.679379e-06 -2.098989e-04 9.984924e-04)
252           	(2.677707e-06 -2.089799e-04 1.001748e-03)
253           	(2.712559e-06 -2.076221e-04 1.001751e-03)
254           	(1.850633e-06 -2.076648e-04 1.001677e-03)
255           	(1.082616e-06 -2.061138e-04 9.993578e-04)
256           	(6.251410e-07 -2.046156e-04 1.000808e-03)
257           	(1.847416e-07 -2.037149e-04 1.001581e-03)
258           	(-7.621392e-08 -2.021248e-04 1.001007e-03)
259           	(-2.622366e-07 -2.012152e-04 1.000760e-03)
260           	(-2.758607e-07 -2.002245e-04 1.000555e-03)
261           	(-4.019816e-07 -1.999573e-04 1.000710e-03)
262           	(-5.778742e-07 -1.983904e-04 1.000179e-03)
263           	(-5.259596e-07 -1.973888e-04 1.000484e-03)
264           	(-5.106017e-07 -1.964697e-04 1.000336e-03)
265           	(-5.321985e-07 -1.957591e-04 1.000454e-03)
266           	(-7.385520e-07 -1.947471e-04 1.000140e-03)
267           	(-8.802604e-07 -1.942460e-04 1.000558e-03)
268           	(-8.639532e-07 -1.933954e-04 9.998656e-04)
269           	(-9.729685e-07 -1.924578e-04 1.000540e-03)
270           	(-1.048095e-06 -1.918505e-04 1.000026e-03)
271           	(-9.629270e-07 -1.912578e-04 1.000297e-03)
272           	(-1.001356e-06 -1.907346e-04 9.998980e-04)
273           	(-9.384298e-07 -1.898339e-04 1.000352e-03)
274           	(-9.649718e-07 -1.891745e-04 9.999176e-04)
275           	(-9.742735e-07 -1.883051e-04 1.000313e-03)
276           	(-1.059117e-06 -1.876052e-04 9.999711e-04)
277           	(-1.091833e-06 -1.873085e-04 1.000300e-03)
278           	(-1.264676e-06 -1.866375e-04 1.000195e-03)
279           	(-1.346022e-06 -1.861744e-04 1.000014e-03)
280           	(-1.490401e-06 -1.857231e-04 1.000117e-03)
281           	(-1.519898e-06 -1.853501e-04 1.000110e-03)
282           	(-1.659007e-06 -1.847725e-04 1.000060e-03)
283           	(-1.710037e-06 -1.844296e-04 1.000171e-03)
284           	(-1.863488e-06 -1.841474e-04 1.000192e-03)
285           	(-2.022947e-06 -1.838097e-04 1.000099e-03)
286           	(-2.181325e-06 -1.836648e-04 1.000181e-03)
287           	(-2.321609e-06 -1.833771e-04 1.000148e-03)
288           	(-2.761367e-06 -1.822131e-04 1.000227e-03)
289           	(-2.679625e-06 -1.818768e-04 1.000414e-03)
290           	(-2.713377e-06 -1.818880e-04 9.999607e-04)
291           	(-3.076454e-06 -1.804311e-04 9.998334e-04)
292           	(-3.165065e-06 -1.805529e-04 1.000765e-03)
293           	(-3.197724e-06 -1.807740e-04 9.999216e-04)
294           	(-3.602725e-06 -1.791184e-04 9.997800e-04)
295           	(-3.896472e-06 -1.800805e-04 1.000842e-03)
296           	(-3.835641e-06 -1.812662e-04 9.997353e-04)
297           	(-4.467586e-06 -1.796874e-04 9.995791e-04)
298           	(-4.251671e-06 -1.802921e-04 1.001081e-03)
299           	(-4.691354e-06 -1.789101e-04 9.995471e-04)
300           	(-5.067019e-06 -1.805827e-04 1.000726e-03)
301           	(-4.788259e-06 -1.793602e-04 9.988467e-04)
302           	(-5.354717e-06 -1.787006e-04 1.001275e-03)
303           	(-4.748673e-06 -1.783898e-04 1.000451e-03)
304           	(-4.141214e-06 -1.800298e-04 9.991835e-04)
305           	(-2.764472e-06 -1.854223e-04 1.000621e-03)
306           	(-6.819691e-07 -2.052911e-04 1.002532e-03)
307           	(2.423501e-06 -2.296613e-04 1.001465e-03)
308           	(4.801365e-06 -2.486482e-04 9.969694e-04)
309           	(8.126444e-06 -2.719415e-04 9.913611e-04)
310           	(9.552587e-06 -2.965077e-04 9.863138e-04)
311           	(4.922718e-06 -2.651915e-04 9.830173e-04)
312           	(5.037497e-06 -2.630985e-04 9.892976e-04)
313           	(1.602866e-06 -2.475701e-04 9.977122e-04)
314           	(3.155821e-06 -2.524535e-04 1.011507e-03)
315           	(3.194549e-07 -2.474928e-04 1.015712e-03)
316           	(-3.364749e-07 -2.551247e-04 1.014288e-03)
317           	(-1.922662e-06 -2.516063e-04 1.003228e-03)
318           	(-5.141801e-06 -2.508730e-04 1.001772e-03)
319           	(-5.527480e-06 -2.524501e-04 1.002384e-03)
320           	(-2.023004e-06 -2.512450e-04 9.980078e-04)
321           	(-5.164100e-07 -2.484797e-04 1.001564e-03)
322           	(1.023986e-06 -2.476173e-04 1.006790e-03)
323           	(8.788681e-07 -2.432035e-04 1.001679e-03)
324           	(7.581774e-07 -2.380956e-04 9.974667e-04)
325           	(1.155863e-07 -2.348135e-04 9.985462e-04)
326           	(-1.445955e-07 -2.349130e-04 1.000162e-03)
327           	(-1.212692e-06 -2.319523e-04 1.000594e-03)
328           	(-1.578565e-06 -2.331292e-04 1.003645e-03)
329           	(-2.202485e-06 -2.315093e-04 9.998939e-04)
330           	(-2.629427e-06 -2.299026e-04 9.991687e-04)
331           	(-3.126253e-06 -2.288434e-04 1.002123e-03)
332           	(-3.285306e-06 -2.274362e-04 1.001488e-03)
333           	(-3.368583e-06 -2.258031e-04 1.000180e-03)
334           	(-3.440166e-06 -2.255783e-04 1.000884e-03)
335           	(-3.595785e-06 -2.237365e-04 1.000666e-03)
336           	(-3.697557e-06 -2.225511e-04 1.000220e-03)
337           	(-3.678752e-06 -2.211200e-04 1.000640e-03)
338           	(-3.652483e-06 -2.200308e-04 1.000190e-03)
339           	(-3.775937e-06 -2.191965e-04 1.000189e-03)
340           	(-3.871329e-06 -2.180258e-04 1.000216e-03)
341           	(-3.979064e-06 -2.169367e-04 1.000190e-03)
342           	(-4.079316e-06 -2.160414e-04 1.000361e-03)
343           	(-4.094642e-06 -2.152949e-04 1.000017e-03)
344           	(-4.101569e-06 -2.141572e-04 1.000143e-03)
345           	(-4.081076e-06 -2.133311e-04 1.000177e-03)
346           	(-4.071112e-06 -2.122535e-04 1.000117e-03)
347           	(-4.115766e-06 -2.112907e-04 1.000092e-03)
348           	(-4.173306e-06 -2.105597e-04 1.000185e-03)
349           	(-4.179943e-06 -2.095710e-04 9.999282e-04)
350           	(-4.205944e-06 -2.087183e-04 1.000354e-03)
351           	(-4.181650e-06 -2.077101e-04 9.997392e-04)
352           	(-4.267208e-06 -2.066899e-04 1.000305e-03)
353           	(-4.336875e-06 -2.059279e-04 9.998035e-04)
354           	(-4.399024e-06 -2.052749e-04 1.000188e-03)
355           	(-4.393984e-06 -2.046987e-04 1.000145e-03)
356           	(-4.466186e-06 -2.039401e-04 9.996176e-04)
357           	(-4.468735e-06 -2.032250e-04 1.000321e-03)
358           	(-4.570614e-06 -2.023986e-04 1.000131e-03)
359           	(-4.590174e-06 -2.018467e-04 9.999062e-04)
360           	(-4.661594e-06 -2.012289e-04 1.000080e-03)
361           	(-4.669572e-06 -2.007922e-04 1.000099e-03)
362           	(-4.765072e-06 -2.000551e-04 9.999569e-04)
363           	(-4.812694e-06 -1.996284e-04 1.000073e-03)
364           	(-4.924888e-06 -1.990282e-04 1.000073e-03)
365           	(-5.022979e-06 -1.986909e-04 1.000123e-03)
366           	(-5.130907e-06 -1.980456e-04 1.000013e-03)
367           	(-5.242896e-06 -1.977381e-04 1.000116e-03)
368           	(-5.402161e-06 -1.973928e-04 1.000169e-03)
369           	(-5.424103e-06 -1.968669e-04 1.000014e-03)
370           	(-5.742124e-06 -1.954918e-04 1.000146e-03)
371           	(-5.693427e-06 -1.949048e-04 1.000514e-03)
372           	(-5.682931e-06 -1.947379e-04 9.998367e-04)
373           	(-5.876073e-06 -1.936445e-04 9.997479e-04)
374           	(-5.902663e-06 -1.937079e-04 1.000732e-03)
375           	(-5.903443e-06 -1.938549e-04 9.998821e-04)
376           	(-6.346906e-06 -1.924090e-04 9.997084e-04)
377           	(-6.770156e-06 -1.933092e-04 1.000866e-03)
378           	(-6.656687e-06 -1.944196e-04 9.995730e-04)
379           	(-7.070327e-06 -1.924588e-04 9.994267e-04)
380           	(-6.826723e-06 -1.932419e-04 1.001284e-03)
381           	(-7.165879e-06 -1.918504e-04 9.994931e-04)
382           	(-7.405707e-06 -1.928921e-04 1.000559e-03)
383           	(-7.098979e-06 -1.918106e-04 9.990943e-04)
384           	(-7.358272e-06 -1.940850e-04 1.001328e-03)
385           	(-6.984960e-06 -1.921619e-04 9.981352e-04)
386           	(-6.820578e-06 -1.924663e-04 1.001015e-03)
387           	(-6.862931e-06 -1.921551e-04 1.000472e-03)
388           	(-5.174841e-06 -2.034016e-04 9.988723e-04)
389           	(-3.112957e-06 -2.215962e-04 1.001152e-03)
390           	(-1.181033e-06 -2.393015e-04 1.001720e-03)
391           	(1.987187e-06 -2.584563e-04 9.975536e-04)
392           	(3.160463e-06 -2.774571e-04 9.920487e-04)
393           	(5.451058e-06 -3.021718e-04 9.881876e-04)
394           	(3.463623e-06 -2.877482e-04 9.838555e-04)
395           	(3.107966e-07 -2.586631e-04 9.897726e-04)
396           	(-8.165299e-07 -2.655547e-04 1.000732e-03)
397           	(-7.009650e-07 -2.661577e-04 1.003347e-03)
398           	(-2.417488e-06 -2.634951e-04 1.013445e-03)
399           	(-2.903951e-06 -2.664587e-04 1.012988e-03)
400           	(-3.485635e-06 -2.613939e-04 1.005090e-03)
401           	(-7.101867e-06 -2.594913e-04 1.002220e-03)
402           	(-7.536110e-06 -2.599474e-04 9.991364e-04)
403           	(-3.729344e-06 -2.607147e-04 9.994902e-04)
404           	(-2.522287e-06 -2.560011e-04 1.001281e-03)
405           	(-1.265363e-06 -2.553516e-04 1.004878e-03)
406           	(-1.704948e-06 -2.511999e-04 1.002437e-03)
407           	(-1.312254e-06 -2.441957e-04 9.989647e-04)
408           	(-1.734392e-06 -2.425063e-04 9.974893e-04)
409           	(-1.864293e-06 -2.412575e-04 9.999251e-04)
410           	(-2.656457e-06 -2.387766e-04 1.002349e-03)
411           	(-3.099568e-06 -2.388105e-04 1.002475e-03)
412           	(-3.540740e-06 -2.367198e-04 9.993943e-04)
413           	(-3.966654e-06 -2.355011e-04 1.000302e-03)
414           	(-4.533024e-06 -2.349647e-04 1.001472e-03)
415           	(-5.030228e-06 -2.320246e-04 1.001041e-03)
416           	(-5.177641e-06 -2.304031e-04 1.000987e-03)
417           	(-5.215397e-06 -2.291125e-04 1.000777e-03)
418           	(-5.211957e-06 -2.277782e-04 1.000039e-03)
419           	(-5.201452e-06 -2.263845e-04 1.000727e-03)
420           	(-4.935705e-06 -2.251838e-04 1.000171e-03)
421           	(-4.887683e-06 -2.244057e-04 1.000331e-03)
422           	(-4.863726e-06 -2.229135e-04 1.000187e-03)
423           	(-4.781285e-06 -2.211109e-04 9.998569e-04)
424           	(-4.876161e-06 -2.200257e-04 1.000591e-03)
425           	(-4.928142e-06 -2.183798e-04 9.998398e-04)
426           	(-4.919664e-06 -2.176372e-04 1.000469e-03)
427           	(-5.018234e-06 -2.159589e-04 9.998672e-04)
428           	(-5.078617e-06 -2.148053e-04 1.000337e-03)
429           	(-5.107163e-06 -2.136084e-04 1.000204e-03)
430           	(-5.129745e-06 -2.123519e-04 9.999573e-04)
431           	(-5.100515e-06 -2.112802e-04 9.999394e-04)
432           	(-5.089696e-06 -2.103796e-04 1.000071e-03)
433           	(-5.117677e-06 -2.096485e-04 9.999545e-04)
434           	(-5.045756e-06 -2.085797e-04 9.999452e-04)
435           	(-4.951410e-06 -2.073168e-04 1.000001e-03)
436           	(-4.931882e-06 -2.062227e-04 1.000067e-03)
437           	(-4.963466e-06 -2.052296e-04 9.999220e-04)
438           	(-4.872215e-06 -2.040124e-04 1.000043e-03)
439           	(-4.898827e-06 -2.030289e-04 1.000032e-03)
440           	(-4.872529e-06 -2.018654e-04 9.999703e-04)
441           	(-4.863816e-06 -2.011688e-04 1.000000e-03)
442           	(-4.945554e-06 -2.000308e-04 9.999774e-04)
443           	(-4.955068e-06 -1.993211e-04 1.000006e-03)
444           	(-5.018752e-06 -1.983124e-04 9.999696e-04)
445           	(-5.035090e-06 -1.976592e-04 1.000029e-03)
446           	(-5.105184e-06 -1.968234e-04 9.999786e-04)
447           	(-5.091101e-06 -1.961988e-04 9.999793e-04)
448           	(-5.135246e-06 -1.951491e-04 1.000015e-03)
449           	(-5.130888e-06 -1.943270e-04 1.000057e-03)
450           	(-5.178915e-06 -1.936071e-04 1.000038e-03)
451           	(-5.278254e-06 -1.929841e-04 1.000108e-03)
452           	(-5.297746e-06 -1.922760e-04 9.999865e-04)
453           	(-5.397901e-06 -1.917663e-04 1.000065e-03)
454           	(-5.507992e-06 -1.911429e-04 1.000157e-03)
455           	(-5.566293e-06 -1.906292e-04 1.000037e-03)
456           	(-5.546802e-06 -1.899042e-04 1.000060e-03)
457           	(-5.847013e-06 -1.883818e-04 1.000233e-03)
458           	(-5.733536e-06 -1.878070e-04 1.000327e-03)
459           	(-5.753265e-06 -1.873724e-04 9.998317e-04)
460           	(-6.028477e-06 -1.861860e-04 9.999147e-04)
461           	(-6.014215e-06 -1.861309e-04 1.000562e-03)
462           	(-6.039161e-06 -1.862032e-04 9.998828e-04)
463           	(-6.381021e-06 -1.848155e-04 9.998017e-04)
464           	(-6.562459e-06 -1.857797e-04 1.000745e-03)
465           	(-6.396440e-06 -1.865341e-04 9.996177e-04)
466           	(-6.715856e-06 -1.847697e-04 9.996305e-04)
467           	(-6.497398e-06 -1.856658e-04 1.001055e-03)
468           	(-6.920195e-06 -1.840921e-04 9.995408e-04)
469           	(-7.213453e-06 -1.845868e-04 1.000604e-03)
470           	(-7.035371e-06 -1.834667e-04 9.991598e-04)
471           	(-7.188654e-06 -1.855595e-04 1.001147e-03)
472           	(-6.857156e-06 -1.842842e-04 9.987221e-04)
473           	(-7.156243e-06 -1.835372e-04 1.001186e-03)
474           	(-6.757097e-06 -1.835886e-04 1.000401e-03)
475           	(-5.503092e-06 -1.879121e-04 9.989544e-04)
476           	(-3.407816e-06 -2.056182e-04 1.000904e-03)
477           	(-9.421140e-07 -2.277088e-04 1.002529e-03)
478           	(2.037260e-06 -2.472282e-04 9.993839e-04)
479           	(3.999589e-06 -2.659544e-04 9.930777e-04)
480           	(6.659823e-06 -2.900573e-04 9.879258e-04)
481           	(5.402956e-06 -2.909884e-04 9.838423e-04)
482           	(9.139056e-07 -2.571898e-04 9.885806e-04)
483           	(1.719643e-06 -2.672874e-04 9.983120e-04)
484           	(-2.475034e-07 -2.608911e-04 1.000737e-03)
485           	(-3.454926e-07 -2.621050e-04 1.011348e-03)
486           	(-2.175622e-06 -2.634889e-04 1.014963e-03)
487           	(-2.725803e-06 -2.566439e-04 1.009213e-03)
488           	(-6.729365e-06 -2.554633e-04 1.000816e-03)
489           	(-7.448984e-06 -2.536937e-04 1.000191e-03)
490           	(-7.406545e-06 -2.543705e-04 9.982544e-04)
491           	(-2.209675e-06 -2.498848e-04 9.999637e-04)
492           	(-5.921968e-08 -2.468204e-04 1.006732e-03)
493           	(-1.094084e-06 -2.437089e-04 1.002890e-03)
494           	(-4.408567e-07 -2.378526e-04 1.000222e-03)
495           	(-1.043988e-06 -2.345555e-04 9.967574e-04)
496           	(-1.244651e-06 -2.310400e-04 9.979295e-04)
497           	(-2.125939e-06 -2.297465e-04 1.001744e-03)
498           	(-2.057647e-06 -2.275217e-04 1.002290e-03)
499           	(-2.924882e-06 -2.274652e-04 1.001459e-03)
500           	(-3.457620e-06 -2.263322e-04 9.989687e-04)
501           	(-4.033134e-06 -2.243337e-04 1.000880e-03)
502           	(-4.397782e-06 -2.226134e-04 1.001644e-03)
503           	(-4.566756e-06 -2.207536e-04 1.000929e-03)
504           	(-4.666317e-06 -2.196473e-04 1.000815e-03)
505           	(-4.654499e-06 -2.183494e-04 1.000511e-03)
506           	(-4.630264e-06 -2.178291e-04 1.000594e-03)
507           	(-4.765411e-06 -2.164662e-04 1.000247e-03)
508           	(-4.657043e-06 -2.145808e-04 1.000345e-03)
509           	(-4.537726e-06 -2.135860e-04 1.000371e-03)
510           	(-4.560898e-06 -2.122697e-04 1.000368e-03)
511           	(-4.616964e-06 -2.116911e-04 1.000173e-03)
512           	(-4.756386e-06 -2.106588e-04 1.000163e-03)
513           	(-4.761739e-06 -2.093603e-04 1.000157e-03)
514           	(-4.822068e-06 -2.081627e-04 1.000331e-03)
515           	(-4.874371e-06 -2.073286e-04 1.000063e-03)
516           	(-4.778822e-06 -2.064256e-04 1.000155e-03)
517           	(-4.770544e-06 -2.056919e-04 1.000083e-03)
518           	(-4.672062e-06 -2.046093e-04 1.000079e-03)
519           	(-4.616775e-06 -2.037681e-04 1.000402e-03)
520           	(-4.561033e-06 -2.028235e-04 9.996062e-04)
521           	(-4.620536e-06 -2.018283e-04 1.000409e-03)
522           	(-4.608234e-06 -2.012524e-04 1.000005e-03)
523           	(-4.723546e-06 -2.003956e-04 1.000135e-03)
524           	(-4.756037e-06 -1.997283e-04 1.000192e-03)
525           	(-4.857553e-06 -1.991779e-04 1.000056e-03)
526           	(-4.835832e-06 -1.985040e-04 9.999549e-04)
527           	(-4.927997e-06 -1.977483e-04 1.000098e-03)
528           	(-4.910397e-06 -1.972770e-04 1.000172e-03)
529           	(-5.009323e-06 -1.967235e-04 1.000084e-03)
530           	(-5.137614e-06 -1.961900e-04 1.000079e-03)
531           	(-5.206227e-06 -1.959212e-04 1.000188e-03)
532           	(-5.409943e-06 -1.955904e-04 1.000077e-03)
533           	(-5.742463e-06 -1.941257e-04 1.000151e-03)
534           	(-5.616598e-06 -1.937064e-04 1.000419e-03)
535           	(-5.596648e-06 -1.933541e-04 9.999005e-04)
536           	(-5.892339e-06 -1.920040e-04 9.998720e-04)
537           	(-5.897756e-06 -1.918787e-04 1.000587e-03)
538           	(-5.886280e-06 -1.918985e-04 9.999209e-04)
539           	(-6.240723e-06 -1.901505e-04 9.998585e-04)
540           	(-6.348456e-06 -1.909864e-04 1.000713e-03)
541           	(-6.356565e-06 -1.919673e-04 9.996396e-04)
542           	(-7.001379e-06 -1.901027e-04 9.996565e-04)
543           	(-6.695614e-06 -1.905385e-04 1.001082e-03)
544           	(-7.079429e-06 -1.891305e-04 9.994659e-04)
545           	(-7.383112e-06 -1.906079e-04 1.000652e-03)
546           	(-6.987105e-06 -1.894396e-04 9.989247e-04)
547           	(-7.255401e-06 -1.913036e-04 1.001244e-03)
548           	(-6.804810e-06 -1.892534e-04 9.982928e-04)
549           	(-6.727913e-06 -1.896513e-04 1.001030e-03)
550           	(-6.148571e-06 -1.912869e-04 1.000367e-03)
551           	(-4.033738e-06 -2.040466e-04 9.990134e-04)
552           	(-2.474586e-06 -2.204372e-04 1.000468e-03)
553           	(-7.606738e-07 -2.378768e-04 1.001181e-03)
554           	(1.575487e-06 -2.550841e-04 9.978777e-04)
555           	(3.450861e-06 -2.746343e-04 9.921375e-04)
556           	(5.311565e-06 -2.988353e-04 9.878558e-04)
557           	(3.157169e-06 -2.845284e-04 9.841981e-04)
558           	(3.946503e-07 -2.551069e-04 9.899776e-04)
559           	(-6.583727e-07 -2.602879e-04 1.000311e-03)
560           	(-6.358007e-07 -2.597602e-04 1.004548e-03)
561           	(-2.020363e-06 -2.562629e-04 1.013101e-03)
562           	(-2.735368e-06 -2.606160e-04 1.014284e-03)
563           	(-3.301280e-06 -2.563805e-04 1.005307e-03)
564           	(-6.822057e-06 -2.556065e-04 1.001833e-03)
565           	(-7.290251e-06 -2.567168e-04 9.994574e-04)
566           	(-3.517159e-06 -2.578958e-04 9.997993e-04)
567           	(-2.433879e-06 -2.527849e-04 1.001121e-03)
568           	(-1.068069e-06 -2.517846e-04 1.004904e-03)
569           	(-1.514669e-06 -2.482918e-04 1.002594e-03)
570           	(-1.126423e-06 -2.420394e-04 9.984975e-04)
571           	(-1.413139e-06 -2.400480e-04 9.975805e-04)
572           	(-1.554058e-06 -2.390010e-04 1.000112e-03)
573           	(-2.521856e-06 -2.362081e-04 1.002224e-03)
574           	(-2.738805e-06 -2.359975e-04 1.002458e-03)
575           	(-3.379333e-06 -2.342693e-04 9.994238e-04)
576           	(-3.775378e-06 -2.337105e-04 1.000354e-03)
577           	(-4.451357e-06 -2.312712e-04 1.001314e-03)
578           	(-4.791503e-06 -2.296871e-04 1.001398e-03)
579           	(-4.814643e-06 -2.277561e-04 1.000579e-03)
580           	(-4.912640e-06 -2.266758e-04 1.000762e-03)
581           	(-4.975804e-06 -2.254132e-04 1.000192e-03)
582           	(-4.899552e-06 -2.242233e-04 1.000689e-03)
583           	(-4.859278e-06 -2.231015e-04 9.999859e-04)
584           	(-4.678634e-06 -2.219647e-04 1.000310e-03)
585           	(-4.617540e-06 -2.202253e-04 1.000308e-03)
586           	(-4.585537e-06 -2.191742e-04 9.998890e-04)
587           	(-4.617337e-06 -2.176789e-04 1.000471e-03)
588           	(-4.657935e-06 -2.164888e-04 9.999585e-04)
589           	(-4.752944e-06 -2.151352e-04 1.000323e-03)
590           	(-4.854850e-06 -2.140390e-04 9.999981e-04)
591           	(-4.907166e-06 -2.125628e-04 1.000271e-03)
592           	(-4.964939e-06 -2.115178e-04 1.000160e-03)
593           	(-4.924053e-06 -2.102666e-04 9.998657e-04)
594           	(-4.895540e-06 -2.093917e-04 1.000002e-03)
595           	(-4.934921e-06 -2.087062e-04 1.000088e-03)
596           	(-4.860091e-06 -2.076903e-04 9.999707e-04)
597           	(-4.787990e-06 -2.064494e-04 9.998892e-04)
598           	(-4.745782e-06 -2.054912e-04 1.000076e-03)
599           	(-4.732385e-06 -2.043467e-04 9.999689e-04)
600           	(-4.715989e-06 -2.032464e-04 1.000050e-03)
601           	(-4.684112e-06 -2.021553e-04 9.999952e-04)
602           	(-4.696765e-06 -2.010255e-04 1.000007e-03)
603           	(-4.706100e-06 -2.003267e-04 1.000001e-03)
604           	(-4.766296e-06 -1.992417e-04 9.999599e-04)
605           	(-4.775903e-06 -1.985446e-04 1.000004e-03)
606           	(-4.831530e-06 -1.975091e-04 9.999674e-04)
607           	(-4.884455e-06 -1.968126e-04 1.000002e-03)
608           	(-4.913174e-06 -1.960755e-04 9.999965e-04)
609           	(-4.929959e-06 -1.951251e-04 9.999357e-04)
610           	(-4.913224e-06 -1.944871e-04 1.000065e-03)
611           	(-4.967126e-06 -1.935703e-04 9.999521e-04)
612           	(-5.001467e-06 -1.928748e-04 1.000103e-03)
613           	(-5.063541e-06 -1.921358e-04 1.000079e-03)
614           	(-5.100186e-06 -1.914628e-04 9.999645e-04)
615           	(-5.150469e-06 -1.908138e-04 1.000054e-03)
616           	(-5.272689e-06 -1.903062e-04 1.000166e-03)
617           	(-5.331677e-06 -1.898021e-04 1.000007e-03)
618           	(-5.433889e-06 -1.892631e-04 1.000046e-03)
619           	(-5.409613e-06 -1.886246e-04 1.000204e-03)
620           	(-5.727022e-06 -1.870616e-04 1.000075e-03)
621           	(-5.620083e-06 -1.865196e-04 1.000354e-03)
622           	(-5.651709e-06 -1.861226e-04 9.999389e-04)
623           	(-5.879326e-06 -1.848844e-04 9.997917e-04)
624           	(-5.875937e-06 -1.849438e-04 1.000581e-03)
625           	(-5.900297e-06 -1.850087e-04 9.999592e-04)
626           	(-6.244100e-06 -1.835665e-04 9.997609e-04)
627           	(-6.309762e-06 -1.848942e-04 1.000698e-03)
628           	(-6.323342e-06 -1.853240e-04 9.996111e-04)
629           	(-6.761196e-06 -1.833431e-04 9.996948e-04)
630           	(-6.416126e-06 -1.844699e-04 1.001027e-03)
631           	(-6.768467e-06 -1.829863e-04 9.994649e-04)
632           	(-7.107669e-06 -1.834695e-04 1.000677e-03)
633           	(-6.846114e-06 -1.824541e-04 9.992061e-04)
634           	(-7.044673e-06 -1.845487e-04 1.001133e-03)
635           	(-6.715145e-06 -1.832528e-04 9.986649e-04)
636           	(-7.044455e-06 -1.825221e-04 1.001194e-03)
637           	(-6.643749e-06 -1.826853e-04 1.000595e-03)
638           	(-5.362298e-06 -1.869886e-04 9.987414e-04)
639           	(-3.250094e-06 -2.047719e-04 1.000889e-03)
640           	(-7.813477e-07 -2.270726e-04 1.002360e-03)
641           	(2.002965e-06 -2.465437e-04 9.996001e-04)
642           	(3.901463e-06 -2.650578e-04 9.929901e-04)
643           	(6.560035e-06 -2.891162e-04 9.878326e-04)
644           	(5.815609e-06 -2.901783e-04 9.838810e-04)
645           	(1.099737e-06 -2.448166e-04 9.889348e-04)
646           	(1.883262e-06 -2.662895e-04 9.988481e-04)
647           	(-1.676886e-07 -2.588553e-04 9.986203e-04)
648           	(-3.913500e-07 -2.606834e-04 1.013018e-03)
649           	(-2.014871e-06 -2.594959e-04 1.015894e-03)
650           	(-2.779395e-06 -2.540212e-04 1.005144e-03)
651           	(-6.405497e-06 -2.510002e-04 1.004406e-03)
652           	(-7.140446e-06 -2.521548e-04 9.981620e-04)
653           	(-7.141050e-06 -2.510284e-04 9.992415e-04)
654           	(-2.029801e-06 -2.477881e-04 1.000408e-03)
655           	(-2.703404e-09 -2.460978e-04 1.005233e-03)
656           	(-9.902328e-07 -2.408044e-04 1.003347e-03)
657           	(-3.006809e-07 -2.362185e-04 1.001427e-03)
658           	(-9.490267e-07 -2.328581e-04 9.945127e-04)
659           	(-9.126471e-07 -2.297916e-04 9.996074e-04)
660           	(-1.915463e-06 -2.279148e-04 1.002894e-03)
661           	(-2.072378e-06 -2.270868e-04 1.002375e-03)
662           	(-2.906069e-06 -2.253136e-04 9.998767e-04)
663           	(-3.235343e-06 -2.253956e-04 9.998315e-04)
664           	(-4.043490e-06 -2.227786e-04 1.000996e-03)
665           	(-4.337437e-06 -2.206897e-04 1.002225e-03)
666           	(-4.457053e-06 -2.187574e-04 1.000728e-03)
667           	(-4.608486e-06 -2.179335e-04 1.000216e-03)
668           	(-4.517020e-06 -2.165314e-04 1.000916e-03)
669           	(-4.523738e-06 -2.161966e-04 1.000482e-03)
670           	(-4.469258e-06 -2.144957e-04 1.000028e-03)
671           	(-4.325291e-06 -2.126774e-04 1.000180e-03)
672           	(-4.275442e-06 -2.118620e-04 1.000513e-03)
673           	(-4.327859e-06 -2.107008e-04 1.000083e-03)
674           	(-4.360592e-06 -2.098468e-04 1.000296e-03)
675           	(-4.544002e-06 -2.087632e-04 1.000035e-03)
676           	(-4.638693e-06 -2.074890e-04 1.000289e-03)
677           	(-4.736172e-06 -2.063964e-04 1.000119e-03)
678           	(-4.741381e-06 -2.051962e-04 1.000047e-03)
679           	(-4.693684e-06 -2.043701e-04 9.999778e-04)
680           	(-4.631728e-06 -2.038570e-04 1.000097e-03)
681           	(-4.549525e-06 -2.024907e-04 9.997595e-04)
682           	(-4.500492e-06 -2.017862e-04 1.000370e-03)
683           	(-4.449366e-06 -2.005471e-04 9.997845e-04)
684           	(-4.439709e-06 -1.995594e-04 1.000194e-03)
685           	(-4.316672e-06 -1.988994e-04 9.997212e-04)
686           	(-4.382391e-06 -1.979532e-04 1.000031e-03)
687           	(-4.375037e-06 -1.972450e-04 1.000032e-03)
688           	(-4.416679e-06 -1.963601e-04 9.998164e-04)
689           	(-4.336646e-06 -1.954829e-04 9.998962e-04)
690           	(-4.368910e-06 -1.946739e-04 9.999311e-04)
691           	(-4.344072e-06 -1.938214e-04 9.998246e-04)
692           	(-4.340915e-06 -1.928940e-04 9.998432e-04)
693           	(-4.364581e-06 -1.921681e-04 9.998539e-04)
694           	(-4.391367e-06 -1.912932e-04 9.998444e-04)
695           	(-4.352866e-06 -1.904782e-04 9.997948e-04)
696           	(-4.409789e-06 -1.897559e-04 9.998336e-04)
697           	(-4.376257e-06 -1.891008e-04 9.998148e-04)
698           	(-4.395565e-06 -1.883036e-04 9.997995e-04)
699           	(-4.377938e-06 -1.876107e-04 9.998208e-04)
700           	(-4.461440e-06 -1.867136e-04 9.999258e-04)
701           	(-4.445863e-06 -1.859610e-04 9.998280e-04)
702           	(-4.470384e-06 -1.849966e-04 9.998090e-04)
703           	(-4.480373e-06 -1.842716e-04 9.999001e-04)
704           	(-4.536717e-06 -1.837048e-04 9.997831e-04)
705           	(-4.523136e-06 -1.828065e-04 9.998403e-04)
706           	(-4.560874e-06 -1.821426e-04 9.999007e-04)
707           	(-4.537498e-06 -1.812471e-04 9.997273e-04)
708           	(-4.571189e-06 -1.806315e-04 9.997664e-04)
709           	(-4.557075e-06 -1.797955e-04 9.999102e-04)
710           	(-4.553145e-06 -1.789897e-04 9.997450e-04)
711           	(-4.597987e-06 -1.782654e-04 9.997807e-04)
712           	(-4.615318e-06 -1.778287e-04 1.000002e-03)
713           	(-4.613422e-06 -1.770005e-04 9.997581e-04)
714           	(-4.594002e-06 -1.763444e-04 9.997844e-04)
715           	(-4.649890e-06 -1.755658e-04 9.998808e-04)
716           	(-4.661130e-06 -1.750016e-04 9.998077e-04)
717           	(-4.715801e-06 -1.742128e-04 9.997839e-04)
718           	(-4.788315e-06 -1.737669e-04 9.998933e-04)
719           	(-4.724564e-06 -1.730057e-04 9.997535e-04)
720           	(-4.680695e-06 -1.723465e-04 9.997686e-04)
721           	(-4.681389e-06 -1.716371e-04 9.998758e-04)
722           	(-4.711177e-06 -1.709531e-04 9.998400e-04)
723           	(-4.796901e-06 -1.704561e-04 9.998544e-04)
724           	(-4.855275e-06 -1.696214e-04 9.998107e-04)
725           	(-4.859257e-06 -1.689413e-04 9.998309e-04)
726           	(-4.896773e-06 -1.683861e-04 9.998264e-04)
727           	(-4.918368e-06 -1.677127e-04 9.998316e-04)
728           	(-4.948173e-06 -1.670152e-04 9.998356e-04)
729           	(-4.951130e-06 -1.663416e-04 9.998089e-04)
730           	(-4.913455e-06 -1.657121e-04 9.998007e-04)
731           	(-4.888987e-06 -1.650791e-04 9.998152e-04)
732           	(-4.905654e-06 -1.644549e-04 9.998052e-04)
733           	(-5.004259e-06 -1.640693e-04 9.998929e-04)
734           	(-5.089525e-06 -1.633282e-04 9.998000e-04)
735           	(-5.037422e-06 -1.626065e-04 9.997938e-04)
736           	(-4.996816e-06 -1.620702e-04 9.998188e-04)
737           	(-4.961330e-06 -1.616015e-04 9.998397e-04)
738           	(-4.920822e-06 -1.610359e-04 9.998407e-04)
739           	(-4.917557e-06 -1.604000e-04 9.998224e-04)
740           	(-4.919831e-06 -1.597923e-04 9.997928e-04)
741           	(-4.900881e-06 -1.593044e-04 9.997984e-04)
742           	(-4.888809e-06 -1.587663e-04 9.998037e-04)
743           	(-4.905047e-06 -1.581962e-04 9.998179e-04)
744           	(-4.887507e-06 -1.576009e-04 9.998990e-04)
745           	(-4.905808e-06 -1.570952e-04 9.998070e-04)
746           	(-4.906487e-06 -1.565975e-04 9.998122e-04)
747           	(-4.863246e-06 -1.562664e-04 9.998261e-04)
748           	(-4.832995e-06 -1.558650e-04 9.998406e-04)
749           	(-4.828857e-06 -1.553928e-04 9.998391e-04)
750           	(-4.812698e-06 -1.548560e-04 9.998243e-04)
751           	(-4.769936e-06 -1.543645e-04 9.998059e-04)
752           	(-4.731493e-06 -1.540016e-04 9.998067e-04)
753           	(-4.686869e-06 -1.536397e-04 9.998339e-04)
754           	(-4.677570e-06 -1.534367e-04 9.999209e-04)
755           	(-4.669803e-06 -1.528785e-04 9.998046e-04)
756           	(-4.599060e-06 -1.523857e-04 9.997822e-04)
757           	(-4.568509e-06 -1.519785e-04 9.998462e-04)
758           	(-4.539886e-06 -1.514506e-04 9.998623e-04)
759           	(-4.505495e-06 -1.508852e-04 9.998354e-04)
760           	(-4.467927e-06 -1.503156e-04 9.998241e-04)
761           	(-4.437949e-06 -1.496846e-04 9.998291e-04)
762           	(-4.409079e-06 -1.490250e-04 9.998193e-04)
763           	(-4.385648e-06 -1.483871e-04 9.998099e-04)
764           	(-4.361846e-06 -1.476864e-04 9.998245e-04)
765           	(-4.371146e-06 -1.471320e-04 9.999104e-04)
766           	(-4.384631e-06 -1.462624e-04 9.998162e-04)
767           	(-4.314388e-06 -1.454736e-04 9.997990e-04)
768           	(-4.288379e-06 -1.447879e-04 9.998472e-04)
769           	(-4.275531e-06 -1.440487e-04 9.998600e-04)
770           	(-4.246048e-06 -1.432401e-04 9.998379e-04)
771           	(-4.221424e-06 -1.424226e-04 9.998247e-04)
772           	(-4.193828e-06 -1.416134e-04 9.998274e-04)
773           	(-4.171485e-06 -1.408230e-04 9.998298e-04)
774           	(-4.151067e-06 -1.399644e-04 9.998172e-04)
775           	(-4.160999e-06 -1.392699e-04 9.999046e-04)
776           	(-4.180827e-06 -1.382900e-04 9.998222e-04)
777           	(-4.119424e-06 -1.373845e-04 9.998000e-04)
778           	(-4.094604e-06 -1.365479e-04 9.998430e-04)
779           	(-4.087067e-06 -1.356610e-04 9.998641e-04)
780           	(-4.075974e-06 -1.347278e-04 9.998334e-04)
781           	(-4.108968e-06 -1.339770e-04 9.998267e-04)
782           	(-4.045777e-06 -1.329305e-04 9.998243e-04)
783           	(-4.026031e-06 -1.319465e-04 9.998144e-04)
784           	(-4.016414e-06 -1.310234e-04 9.998159e-04)
785           	(-3.996271e-06 -1.300853e-04 9.998310e-04)
786           	(-4.024205e-06 -1.293163e-04 9.999162e-04)
787           	(-4.050912e-06 -1.282583e-04 9.998427e-04)
788           	(-4.000381e-06 -1.272994e-04 9.997792e-04)
789           	(-3.984739e-06 -1.264225e-04 9.998353e-04)
790           	(-3.985718e-06 -1.255199e-04 9.998755e-04)
791           	(-3.977822e-06 -1.245680e-04 9.998443e-04)
792           	(-3.968289e-06 -1.236122e-04 9.998297e-04)
793           	(-3.957021e-06 -1.226655e-04 9.998271e-04)
794           	(-3.950160e-06 -1.217304e-04 9.998234e-04)
795           	(-3.944395e-06 -1.207595e-04 9.998281e-04)
796           	(-3.967280e-06 -1.199808e-04 9.999060e-04)
797           	(-3.960270e-06 -1.189945e-04 9.998395e-04)
798           	(-3.935805e-06 -1.179750e-04 9.998042e-04)
799           	(-3.934283e-06 -1.170868e-04 9.998289e-04)
800           	(-3.935991e-06 -1.161776e-04 9.998613e-04)
801           	(-3.929585e-06 -1.152232e-04 9.998536e-04)
802           	(-3.919588e-06 -1.142644e-04 9.998304e-04)
803           	(-3.910563e-06 -1.133267e-04 9.998218e-04)
804           	(-3.903915e-06 -1.124036e-04 9.998243e-04)
805           	(-3.900116e-06 -1.114894e-04 9.998285e-04)
806           	(-3.898435e-06 -1.105517e-04 9.998302e-04)
807           	(-3.884514e-06 -1.096227e-04 9.999054e-04)
808           	(-3.913266e-06 -1.088074e-04 9.998462e-04)
809           	(-3.904145e-06 -1.078828e-04 9.998164e-04)
810           	(-3.906254e-06 -1.070401e-04 9.998321e-04)
811           	(-3.912761e-06 -1.061747e-04 9.998513e-04)
812           	(-3.912946e-06 -1.052681e-04 9.998471e-04)
813           	(-3.908548e-06 -1.043581e-04 9.998333e-04)
814           	(-3.902695e-06 -1.034635e-04 9.998273e-04)
815           	(-3.900024e-06 -1.025877e-04 9.998275e-04)
816           	(-3.898343e-06 -1.016890e-04 9.998290e-04)
817           	(-3.924695e-06 -1.009861e-04 9.999072e-04)
818           	(-3.921020e-06 -1.000730e-04 9.998419e-04)
819           	(-3.899212e-06 -9.913086e-05 9.998064e-04)
820           	(-3.900668e-06 -9.832805e-05 9.998281e-04)
821           	(-3.906612e-06 -9.751086e-05 9.998616e-04)
822           	(-3.906955e-06 -9.664559e-05 9.998554e-04)
823           	(-3.902091e-06 -9.577548e-05 9.998321e-04)
824           	(-3.896794e-06 -9.492530e-05 9.998211e-04)
825           	(-3.892546e-06 -9.409262e-05 9.998256e-04)
826           	(-3.894441e-06 -9.327700e-05 9.998305e-04)
827           	(-3.897800e-06 -9.243784e-05 9.998322e-04)
828           	(-3.887279e-06 -9.160770e-05 9.999054e-04)
829           	(-3.919617e-06 -9.089516e-05 9.998469e-04)
830           	(-3.912820e-06 -9.006746e-05 9.998177e-04)
831           	(-3.916796e-06 -8.932240e-05 9.998337e-04)
832           	(-3.925963e-06 -8.855752e-05 9.998524e-04)
833           	(-3.928202e-06 -8.775013e-05 9.998492e-04)
834           	(-3.925584e-06 -8.694197e-05 9.998353e-04)
835           	(-3.922904e-06 -8.615283e-05 9.998293e-04)
836           	(-3.921895e-06 -8.538082e-05 9.998288e-04)
837           	(-3.923089e-06 -8.462200e-05 9.998311e-04)
838           	(-3.925995e-06 -8.384067e-05 9.998335e-04)
839           	(-3.917181e-06 -8.307109e-05 9.999082e-04)
840           	(-3.950459e-06 -8.262880e-05 9.998497e-04)
841           	(-3.944861e-06 -8.185950e-05 9.998210e-04)
842           	(-3.948164e-06 -8.137584e-05 9.998347e-04)
843           	(-3.957581e-06 -8.066489e-05 9.998538e-04)
844           	(-3.958808e-06 -8.012401e-05 9.998525e-04)
845           	(-3.957347e-06 -7.935939e-05 9.998386e-04)
846           	(-3.954748e-06 -7.883290e-05 9.998310e-04)
847           	(-3.953847e-06 -7.810624e-05 9.998312e-04)
848           	(-3.954157e-06 -7.756943e-05 9.998323e-04)
849           	(-3.982609e-06 -7.701946e-05 9.999093e-04)
850           	(-3.981538e-06 -7.645895e-05 9.998438e-04)
851           	(-3.962573e-06 -7.588288e-05 9.998090e-04)
852           	(-3.965174e-06 -7.542263e-05 9.998301e-04)
853           	(-3.972691e-06 -7.475661e-05 9.998617e-04)
854           	(-3.971963e-06 -7.424540e-05 9.998575e-04)
855           	(-3.967439e-06 -7.351949e-05 9.998343e-04)
856           	(-3.963366e-06 -7.301943e-05 9.998224e-04)
857           	(-3.961167e-06 -7.233166e-05 9.998257e-04)
858           	(-3.962184e-06 -7.185757e-05 9.998302e-04)
859           	(-3.965080e-06 -7.135561e-05 9.998332e-04)
860           	(-3.955544e-06 -7.086909e-05 9.999073e-04)
861           	(-3.988775e-06 -7.047710e-05 9.998471e-04)
862           	(-3.983636e-06 -6.998309e-05 9.998195e-04)
863           	(-3.987768e-06 -6.955645e-05 9.998345e-04)
864           	(-3.995452e-06 -6.911784e-05 9.998525e-04)
865           	(-4.001571e-06 -6.863469e-05 9.998502e-04)
866           	(-4.001807e-06 -6.814621e-05 9.998367e-04)
867           	(-3.993619e-06 -6.767942e-05 9.998300e-04)
868           	(-3.993013e-06 -6.722107e-05 9.998299e-04)
869           	(-3.999374e-06 -6.673414e-05 9.998330e-04)
870           	(-3.989658e-06 -6.626859e-05 9.999105e-04)
871           	(-4.020849e-06 -6.589820e-05 9.998472e-04)
872           	(-4.014775e-06 -6.542484e-05 9.998168e-04)
873           	(-4.016869e-06 -6.501870e-05 9.998324e-04)
874           	(-4.023372e-06 -6.460178e-05 9.998517e-04)
875           	(-4.023309e-06 -6.414532e-05 9.998497e-04)
876           	(-4.021128e-06 -6.368065e-05 9.998354e-04)
877           	(-4.018871e-06 -6.322958e-05 9.998286e-04)
878           	(-4.018371e-06 -6.279383e-05 9.998289e-04)
879           	(-4.020184e-06 -6.236893e-05 9.998317e-04)
880           	(-4.024054e-06 -6.191805e-05 9.998341e-04)
881           	(-4.015263e-06 -6.148389e-05 9.999092e-04)
882           	(-4.049499e-06 -6.114298e-05 9.998499e-04)
883           	(-4.044999e-06 -6.070053e-05 9.998228e-04)
884           	(-4.050034e-06 -6.032462e-05 9.998362e-04)
885           	(-4.059197e-06 -5.993745e-05 9.998542e-04)
886           	(-4.061711e-06 -5.951073e-05 9.998520e-04)
887           	(-4.060607e-06 -5.907533e-05 9.998394e-04)
888           	(-4.059399e-06 -5.865244e-05 9.998322e-04)
889           	(-4.059515e-06 -5.824477e-05 9.998324e-04)
890           	(-4.060841e-06 -5.781266e-05 9.998343e-04)
891           	(-4.049529e-06 -5.739914e-05 9.999104e-04)
892           	(-4.080942e-06 -5.707905e-05 9.998481e-04)
893           	(-4.073940e-06 -5.665614e-05 9.998192e-04)
894           	(-4.079830e-06 -5.629910e-05 9.998336e-04)
895           	(-4.087045e-06 -5.593218e-05 9.998527e-04)
896           	(-4.088166e-06 -5.552458e-05 9.998499e-04)
897           	(-4.086119e-06 -5.510868e-05 9.998364e-04)
898           	(-4.083758e-06 -5.470658e-05 9.998289e-04)
899           	(-4.083364e-06 -5.431938e-05 9.998296e-04)
900           	(-4.085387e-06 -5.394338e-05 9.998319e-04)
901           	(-4.089066e-06 -5.354154e-05 9.998347e-04)
902           	(-4.080100e-06 -5.315657e-05 9.999085e-04)
903           	(-4.114104e-06 -5.286442e-05 9.998498e-04)
904           	(-4.109317e-06 -5.246982e-05 9.998223e-04)
905           	(-4.113776e-06 -5.214191e-05 9.998367e-04)
906           	(-4.121764e-06 -5.180222e-05 9.998540e-04)
907           	(-4.123399e-06 -5.142347e-05 9.998520e-04)
908           	(-4.122374e-06 -5.103591e-05 9.998389e-04)
909           	(-4.121235e-06 -5.066134e-05 9.998322e-04)
910           	(-4.121300e-06 -5.030101e-05 9.998320e-04)
911           	(-4.123527e-06 -4.991722e-05 9.998345e-04)
912           	(-4.112674e-06 -4.955098e-05 9.999104e-04)
913           	(-4.149040e-06 -4.927233e-05 9.998482e-04)
914           	(-4.145808e-06 -4.889189e-05 9.998203e-04)
915           	(-4.149379e-06 -4.858238e-05 9.998336e-04)
916           	(-4.156404e-06 -4.826149e-05 9.998514e-04)
917           	(-4.157346e-06 -4.790115e-05 9.998500e-04)
918           	(-4.155896e-06 -4.753192e-05 9.998367e-04)
919           	(-4.154160e-06 -4.717612e-05 9.998294e-04)
920           	(-4.154481e-06 -4.683360e-05 9.998290e-04)
921           	(-4.157120e-06 -4.650428e-05 9.998318e-04)
922           	(-4.161525e-06 -4.614675e-05 9.998347e-04)
923           	(-4.153012e-06 -4.580843e-05 9.999096e-04)
924           	(-4.187047e-06 -4.556000e-05 9.998499e-04)
925           	(-4.182596e-06 -4.521286e-05 9.998229e-04)
926           	(-4.187649e-06 -4.492884e-05 9.998366e-04)
927           	(-4.195660e-06 -4.463518e-05 9.998545e-04)
928           	(-4.197848e-06 -4.430102e-05 9.998520e-04)
929           	(-4.196716e-06 -4.395828e-05 9.998393e-04)
930           	(-4.195317e-06 -4.362857e-05 9.998322e-04)
931           	(-4.196083e-06 -4.331310e-05 9.998327e-04)
932           	(-4.198362e-06 -4.297324e-05 9.998346e-04)
933           	(-4.187584e-06 -4.265168e-05 9.999111e-04)
934           	(-4.219805e-06 -4.242379e-05 9.998486e-04)
935           	(-4.213340e-06 -4.209226e-05 9.998196e-04)
936           	(-4.216369e-06 -4.182780e-05 9.998341e-04)
937           	(-4.222997e-06 -4.155174e-05 9.998530e-04)
938           	(-4.225567e-06 -4.123550e-05 9.998504e-04)
939           	(-4.224463e-06 -4.091085e-05 9.998369e-04)
940           	(-4.222943e-06 -4.059892e-05 9.998294e-04)
941           	(-4.222716e-06 -4.030187e-05 9.998299e-04)
942           	(-4.225147e-06 -4.001516e-05 9.998323e-04)
943           	(-4.229707e-06 -3.970202e-05 9.998355e-04)
944           	(-4.221422e-06 -3.940532e-05 9.999097e-04)
945           	(-4.264987e-06 -3.919029e-05 9.998506e-04)
946           	(-4.270634e-06 -3.887183e-05 9.998260e-04)
947           	(-4.277786e-06 -3.862821e-05 9.998394e-04)
948           	(-4.288636e-06 -3.837371e-05 9.998558e-04)
949           	(-4.284197e-06 -3.808277e-05 9.998538e-04)
950           	(-4.281220e-06 -3.779507e-05 9.998396e-04)
951           	(-4.274599e-06 -3.750891e-05 9.998314e-04)
952           	(-4.279514e-06 -3.723570e-05 9.998309e-04)
953           	(-4.275641e-06 -3.694099e-05 9.998357e-04)
954           	(-4.268799e-06 -3.665951e-05 9.999105e-04)
955           	(-4.308163e-06 -3.646261e-05 9.998497e-04)
956           	(-4.307515e-06 -3.616162e-05 9.998221e-04)
957           	(-4.312385e-06 -3.593437e-05 9.998366e-04)
958           	(-4.320679e-06 -3.569605e-05 9.998543e-04)
959           	(-4.321697e-06 -3.541838e-05 9.998519e-04)
960           	(-4.312714e-06 -3.513423e-05 9.998382e-04)
961           	(-4.308233e-06 -3.487532e-05 9.998297e-04)
962           	(-4.309614e-06 -3.461726e-05 9.998284e-04)
963           	(-4.302663e-06 -3.437574e-05 9.998323e-04)
964           	(-4.310864e-06 -3.410162e-05 9.998345e-04)
965           	(-4.299877e-06 -3.383756e-05 9.999109e-04)
966           	(-4.344397e-06 -3.365973e-05 9.998516e-04)
967           	(-4.343439e-06 -3.338724e-05 9.998258e-04)
968           	(-4.349898e-06 -3.317601e-05 9.998389e-04)
969           	(-4.359028e-06 -3.295594e-05 9.998561e-04)
970           	(-4.361723e-06 -3.269803e-05 9.998528e-04)
971           	(-4.361098e-06 -3.243168e-05 9.998390e-04)
972           	(-4.360663e-06 -3.217768e-05 9.998323e-04)
973           	(-4.361414e-06 -3.193769e-05 9.998337e-04)
974           	(-4.363774e-06 -3.167307e-05 9.998359e-04)
975           	(-4.353274e-06 -3.142636e-05 9.999117e-04)
976           	(-4.385047e-06 -3.127297e-05 9.998489e-04)
977           	(-4.378543e-06 -3.101620e-05 9.998205e-04)
978           	(-4.381253e-06 -3.082639e-05 9.998351e-04)
979           	(-4.387989e-06 -3.062441e-05 9.998535e-04)
980           	(-4.388328e-06 -3.038166e-05 9.998509e-04)
981           	(-4.386209e-06 -3.012971e-05 9.998377e-04)
982           	(-4.384319e-06 -2.989017e-05 9.998304e-04)
983           	(-4.384098e-06 -2.966465e-05 9.998308e-04)
984           	(-4.386398e-06 -2.944938e-05 9.998330e-04)
985           	(-4.390298e-06 -2.920760e-05 9.998361e-04)
986           	(-4.381744e-06 -2.898188e-05 9.999105e-04)
987           	(-4.415290e-06 -2.884829e-05 9.998513e-04)
988           	(-4.410799e-06 -2.861242e-05 9.998240e-04)
989           	(-4.414244e-06 -2.844263e-05 9.998379e-04)
990           	(-4.421816e-06 -2.825991e-05 9.998550e-04)
991           	(-4.422909e-06 -2.803725e-05 9.998534e-04)
992           	(-4.420727e-06 -2.780472e-05 9.998403e-04)
993           	(-4.419231e-06 -2.758429e-05 9.998333e-04)
994           	(-4.418778e-06 -2.737726e-05 9.998330e-04)
995           	(-4.420226e-06 -2.714555e-05 9.998356e-04)
996           	(-4.408608e-06 -2.693139e-05 9.999121e-04)
997           	(-4.440355e-06 -2.681014e-05 9.998497e-04)
998           	(-4.432507e-06 -2.658544e-05 9.998202e-04)
999           	(-4.434687e-06 -2.642765e-05 9.998350e-04)
1000          	(-4.440659e-06 -2.625699e-05 9.998533e-04)
