# Region type : patch velocity_inlet
# Faces       : 11512
# Area        : 3.696967e-03
# Scale factor: 1.000000e+00
# Time        	areaAverage(U)
1             	(0.000000e+00 0.000000e+00 1.000000e-03)
2             	(0.000000e+00 0.000000e+00 1.000000e-03)
3             	(0.000000e+00 0.000000e+00 1.000000e-03)
4             	(0.000000e+00 0.000000e+00 1.000000e-03)
5             	(0.000000e+00 0.000000e+00 1.000000e-03)
6             	(0.000000e+00 0.000000e+00 1.000000e-03)
7             	(0.000000e+00 0.000000e+00 1.000000e-03)
8             	(0.000000e+00 0.000000e+00 1.000000e-03)
9             	(0.000000e+00 0.000000e+00 1.000000e-03)
10            	(0.000000e+00 0.000000e+00 1.000000e-03)
11            	(0.000000e+00 0.000000e+00 1.000000e-03)
12            	(0.000000e+00 0.000000e+00 1.000000e-03)
13            	(0.000000e+00 0.000000e+00 1.000000e-03)
14            	(0.000000e+00 0.000000e+00 1.000000e-03)
15            	(0.000000e+00 0.000000e+00 1.000000e-03)
16            	(0.000000e+00 0.000000e+00 1.000000e-03)
17            	(0.000000e+00 0.000000e+00 1.000000e-03)
18            	(0.000000e+00 0.000000e+00 1.000000e-03)
19            	(0.000000e+00 0.000000e+00 1.000000e-03)
20            	(0.000000e+00 0.000000e+00 1.000000e-03)
21            	(0.000000e+00 0.000000e+00 1.000000e-03)
22            	(0.000000e+00 0.000000e+00 1.000000e-03)
23            	(0.000000e+00 0.000000e+00 1.000000e-03)
24            	(0.000000e+00 0.000000e+00 1.000000e-03)
25            	(0.000000e+00 0.000000e+00 1.000000e-03)
26            	(0.000000e+00 0.000000e+00 1.000000e-03)
27            	(0.000000e+00 0.000000e+00 1.000000e-03)
28            	(0.000000e+00 0.000000e+00 1.000000e-03)
29            	(0.000000e+00 0.000000e+00 1.000000e-03)
30            	(0.000000e+00 0.000000e+00 1.000000e-03)
31            	(0.000000e+00 0.000000e+00 1.000000e-03)
32            	(0.000000e+00 0.000000e+00 1.000000e-03)
33            	(0.000000e+00 0.000000e+00 1.000000e-03)
34            	(0.000000e+00 0.000000e+00 1.000000e-03)
35            	(0.000000e+00 0.000000e+00 1.000000e-03)
36            	(0.000000e+00 0.000000e+00 1.000000e-03)
37            	(0.000000e+00 0.000000e+00 1.000000e-03)
38            	(0.000000e+00 0.000000e+00 1.000000e-03)
39            	(0.000000e+00 0.000000e+00 1.000000e-03)
40            	(0.000000e+00 0.000000e+00 1.000000e-03)
41            	(0.000000e+00 0.000000e+00 1.000000e-03)
42            	(0.000000e+00 0.000000e+00 1.000000e-03)
43            	(0.000000e+00 0.000000e+00 1.000000e-03)
44            	(0.000000e+00 0.000000e+00 1.000000e-03)
45            	(0.000000e+00 0.000000e+00 1.000000e-03)
46            	(0.000000e+00 0.000000e+00 1.000000e-03)
47            	(0.000000e+00 0.000000e+00 1.000000e-03)
48            	(0.000000e+00 0.000000e+00 1.000000e-03)
49            	(0.000000e+00 0.000000e+00 1.000000e-03)
50            	(0.000000e+00 0.000000e+00 1.000000e-03)
51            	(0.000000e+00 0.000000e+00 1.000000e-03)
52            	(0.000000e+00 0.000000e+00 1.000000e-03)
53            	(0.000000e+00 0.000000e+00 1.000000e-03)
54            	(0.000000e+00 0.000000e+00 1.000000e-03)
55            	(0.000000e+00 0.000000e+00 1.000000e-03)
56            	(0.000000e+00 0.000000e+00 1.000000e-03)
57            	(0.000000e+00 0.000000e+00 1.000000e-03)
58            	(0.000000e+00 0.000000e+00 1.000000e-03)
59            	(0.000000e+00 0.000000e+00 1.000000e-03)
60            	(0.000000e+00 0.000000e+00 1.000000e-03)
61            	(0.000000e+00 0.000000e+00 1.000000e-03)
62            	(0.000000e+00 0.000000e+00 1.000000e-03)
63            	(0.000000e+00 0.000000e+00 1.000000e-03)
64            	(0.000000e+00 0.000000e+00 1.000000e-03)
65            	(0.000000e+00 0.000000e+00 1.000000e-03)
66            	(0.000000e+00 0.000000e+00 1.000000e-03)
67            	(0.000000e+00 0.000000e+00 1.000000e-03)
68            	(0.000000e+00 0.000000e+00 1.000000e-03)
69            	(0.000000e+00 0.000000e+00 1.000000e-03)
70            	(0.000000e+00 0.000000e+00 1.000000e-03)
71            	(0.000000e+00 0.000000e+00 1.000000e-03)
72            	(0.000000e+00 0.000000e+00 1.000000e-03)
73            	(0.000000e+00 0.000000e+00 1.000000e-03)
74            	(0.000000e+00 0.000000e+00 1.000000e-03)
75            	(0.000000e+00 0.000000e+00 1.000000e-03)
76            	(0.000000e+00 0.000000e+00 1.000000e-03)
77            	(0.000000e+00 0.000000e+00 1.000000e-03)
78            	(0.000000e+00 0.000000e+00 1.000000e-03)
79            	(0.000000e+00 0.000000e+00 1.000000e-03)
80            	(0.000000e+00 0.000000e+00 1.000000e-03)
81            	(0.000000e+00 0.000000e+00 1.000000e-03)
82            	(0.000000e+00 0.000000e+00 1.000000e-03)
83            	(0.000000e+00 0.000000e+00 1.000000e-03)
84            	(0.000000e+00 0.000000e+00 1.000000e-03)
85            	(0.000000e+00 0.000000e+00 1.000000e-03)
86            	(0.000000e+00 0.000000e+00 1.000000e-03)
87            	(0.000000e+00 0.000000e+00 1.000000e-03)
88            	(0.000000e+00 0.000000e+00 1.000000e-03)
89            	(0.000000e+00 0.000000e+00 1.000000e-03)
90            	(0.000000e+00 0.000000e+00 1.000000e-03)
91            	(0.000000e+00 0.000000e+00 1.000000e-03)
92            	(0.000000e+00 0.000000e+00 1.000000e-03)
93            	(0.000000e+00 0.000000e+00 1.000000e-03)
94            	(0.000000e+00 0.000000e+00 1.000000e-03)
95            	(0.000000e+00 0.000000e+00 1.000000e-03)
96            	(0.000000e+00 0.000000e+00 1.000000e-03)
97            	(0.000000e+00 0.000000e+00 1.000000e-03)
98            	(0.000000e+00 0.000000e+00 1.000000e-03)
99            	(0.000000e+00 0.000000e+00 1.000000e-03)
100           	(0.000000e+00 0.000000e+00 1.000000e-03)
101           	(0.000000e+00 0.000000e+00 1.000000e-03)
102           	(0.000000e+00 0.000000e+00 1.000000e-03)
103           	(0.000000e+00 0.000000e+00 1.000000e-03)
104           	(0.000000e+00 0.000000e+00 1.000000e-03)
105           	(0.000000e+00 0.000000e+00 1.000000e-03)
106           	(0.000000e+00 0.000000e+00 1.000000e-03)
107           	(0.000000e+00 0.000000e+00 1.000000e-03)
108           	(0.000000e+00 0.000000e+00 1.000000e-03)
109           	(0.000000e+00 0.000000e+00 1.000000e-03)
110           	(0.000000e+00 0.000000e+00 1.000000e-03)
111           	(0.000000e+00 0.000000e+00 1.000000e-03)
112           	(0.000000e+00 0.000000e+00 1.000000e-03)
113           	(0.000000e+00 0.000000e+00 1.000000e-03)
114           	(0.000000e+00 0.000000e+00 1.000000e-03)
115           	(0.000000e+00 0.000000e+00 1.000000e-03)
116           	(0.000000e+00 0.000000e+00 1.000000e-03)
117           	(0.000000e+00 0.000000e+00 1.000000e-03)
118           	(0.000000e+00 0.000000e+00 1.000000e-03)
119           	(0.000000e+00 0.000000e+00 1.000000e-03)
120           	(0.000000e+00 0.000000e+00 1.000000e-03)
121           	(0.000000e+00 0.000000e+00 1.000000e-03)
122           	(0.000000e+00 0.000000e+00 1.000000e-03)
123           	(0.000000e+00 0.000000e+00 1.000000e-03)
124           	(0.000000e+00 0.000000e+00 1.000000e-03)
125           	(0.000000e+00 0.000000e+00 1.000000e-03)
126           	(0.000000e+00 0.000000e+00 1.000000e-03)
127           	(0.000000e+00 0.000000e+00 1.000000e-03)
128           	(0.000000e+00 0.000000e+00 1.000000e-03)
129           	(0.000000e+00 0.000000e+00 1.000000e-03)
130           	(0.000000e+00 0.000000e+00 1.000000e-03)
131           	(0.000000e+00 0.000000e+00 1.000000e-03)
132           	(0.000000e+00 0.000000e+00 1.000000e-03)
133           	(0.000000e+00 0.000000e+00 1.000000e-03)
134           	(0.000000e+00 0.000000e+00 1.000000e-03)
135           	(0.000000e+00 0.000000e+00 1.000000e-03)
136           	(0.000000e+00 0.000000e+00 1.000000e-03)
137           	(0.000000e+00 0.000000e+00 1.000000e-03)
138           	(0.000000e+00 0.000000e+00 1.000000e-03)
139           	(0.000000e+00 0.000000e+00 1.000000e-03)
140           	(0.000000e+00 0.000000e+00 1.000000e-03)
141           	(0.000000e+00 0.000000e+00 1.000000e-03)
142           	(0.000000e+00 0.000000e+00 1.000000e-03)
143           	(0.000000e+00 0.000000e+00 1.000000e-03)
144           	(0.000000e+00 0.000000e+00 1.000000e-03)
145           	(0.000000e+00 0.000000e+00 1.000000e-03)
146           	(0.000000e+00 0.000000e+00 1.000000e-03)
147           	(0.000000e+00 0.000000e+00 1.000000e-03)
148           	(0.000000e+00 0.000000e+00 1.000000e-03)
149           	(0.000000e+00 0.000000e+00 1.000000e-03)
150           	(0.000000e+00 0.000000e+00 1.000000e-03)
151           	(0.000000e+00 0.000000e+00 1.000000e-03)
152           	(0.000000e+00 0.000000e+00 1.000000e-03)
153           	(0.000000e+00 0.000000e+00 1.000000e-03)
154           	(0.000000e+00 0.000000e+00 1.000000e-03)
155           	(0.000000e+00 0.000000e+00 1.000000e-03)
156           	(0.000000e+00 0.000000e+00 1.000000e-03)
157           	(0.000000e+00 0.000000e+00 1.000000e-03)
158           	(0.000000e+00 0.000000e+00 1.000000e-03)
159           	(0.000000e+00 0.000000e+00 1.000000e-03)
160           	(0.000000e+00 0.000000e+00 1.000000e-03)
161           	(0.000000e+00 0.000000e+00 1.000000e-03)
162           	(0.000000e+00 0.000000e+00 1.000000e-03)
163           	(0.000000e+00 0.000000e+00 1.000000e-03)
164           	(0.000000e+00 0.000000e+00 1.000000e-03)
165           	(0.000000e+00 0.000000e+00 1.000000e-03)
166           	(0.000000e+00 0.000000e+00 1.000000e-03)
167           	(0.000000e+00 0.000000e+00 1.000000e-03)
168           	(0.000000e+00 0.000000e+00 1.000000e-03)
169           	(0.000000e+00 0.000000e+00 1.000000e-03)
170           	(0.000000e+00 0.000000e+00 1.000000e-03)
171           	(0.000000e+00 0.000000e+00 1.000000e-03)
172           	(0.000000e+00 0.000000e+00 1.000000e-03)
173           	(0.000000e+00 0.000000e+00 1.000000e-03)
174           	(0.000000e+00 0.000000e+00 1.000000e-03)
175           	(0.000000e+00 0.000000e+00 1.000000e-03)
176           	(0.000000e+00 0.000000e+00 1.000000e-03)
177           	(0.000000e+00 0.000000e+00 1.000000e-03)
178           	(0.000000e+00 0.000000e+00 1.000000e-03)
179           	(0.000000e+00 0.000000e+00 1.000000e-03)
180           	(0.000000e+00 0.000000e+00 1.000000e-03)
181           	(0.000000e+00 0.000000e+00 1.000000e-03)
182           	(0.000000e+00 0.000000e+00 1.000000e-03)
183           	(0.000000e+00 0.000000e+00 1.000000e-03)
184           	(0.000000e+00 0.000000e+00 1.000000e-03)
185           	(0.000000e+00 0.000000e+00 1.000000e-03)
186           	(0.000000e+00 0.000000e+00 1.000000e-03)
187           	(0.000000e+00 0.000000e+00 1.000000e-03)
188           	(0.000000e+00 0.000000e+00 1.000000e-03)
189           	(0.000000e+00 0.000000e+00 1.000000e-03)
190           	(0.000000e+00 0.000000e+00 1.000000e-03)
191           	(0.000000e+00 0.000000e+00 1.000000e-03)
192           	(0.000000e+00 0.000000e+00 1.000000e-03)
193           	(0.000000e+00 0.000000e+00 1.000000e-03)
194           	(0.000000e+00 0.000000e+00 1.000000e-03)
195           	(0.000000e+00 0.000000e+00 1.000000e-03)
196           	(0.000000e+00 0.000000e+00 1.000000e-03)
197           	(0.000000e+00 0.000000e+00 1.000000e-03)
198           	(0.000000e+00 0.000000e+00 1.000000e-03)
199           	(0.000000e+00 0.000000e+00 1.000000e-03)
200           	(0.000000e+00 0.000000e+00 1.000000e-03)
201           	(0.000000e+00 0.000000e+00 1.000000e-03)
202           	(0.000000e+00 0.000000e+00 1.000000e-03)
203           	(0.000000e+00 0.000000e+00 1.000000e-03)
204           	(0.000000e+00 0.000000e+00 1.000000e-03)
205           	(0.000000e+00 0.000000e+00 1.000000e-03)
206           	(0.000000e+00 0.000000e+00 1.000000e-03)
207           	(0.000000e+00 0.000000e+00 1.000000e-03)
208           	(0.000000e+00 0.000000e+00 1.000000e-03)
209           	(0.000000e+00 0.000000e+00 1.000000e-03)
210           	(0.000000e+00 0.000000e+00 1.000000e-03)
211           	(0.000000e+00 0.000000e+00 1.000000e-03)
212           	(0.000000e+00 0.000000e+00 1.000000e-03)
213           	(0.000000e+00 0.000000e+00 1.000000e-03)
214           	(0.000000e+00 0.000000e+00 1.000000e-03)
215           	(0.000000e+00 0.000000e+00 1.000000e-03)
216           	(0.000000e+00 0.000000e+00 1.000000e-03)
217           	(0.000000e+00 0.000000e+00 1.000000e-03)
218           	(0.000000e+00 0.000000e+00 1.000000e-03)
219           	(0.000000e+00 0.000000e+00 1.000000e-03)
220           	(0.000000e+00 0.000000e+00 1.000000e-03)
221           	(0.000000e+00 0.000000e+00 1.000000e-03)
222           	(0.000000e+00 0.000000e+00 1.000000e-03)
223           	(0.000000e+00 0.000000e+00 1.000000e-03)
224           	(0.000000e+00 0.000000e+00 1.000000e-03)
225           	(0.000000e+00 0.000000e+00 1.000000e-03)
226           	(0.000000e+00 0.000000e+00 1.000000e-03)
227           	(0.000000e+00 0.000000e+00 1.000000e-03)
228           	(0.000000e+00 0.000000e+00 1.000000e-03)
229           	(0.000000e+00 0.000000e+00 1.000000e-03)
230           	(0.000000e+00 0.000000e+00 1.000000e-03)
231           	(0.000000e+00 0.000000e+00 1.000000e-03)
232           	(0.000000e+00 0.000000e+00 1.000000e-03)
233           	(0.000000e+00 0.000000e+00 1.000000e-03)
234           	(0.000000e+00 0.000000e+00 1.000000e-03)
235           	(0.000000e+00 0.000000e+00 1.000000e-03)
236           	(0.000000e+00 0.000000e+00 1.000000e-03)
237           	(0.000000e+00 0.000000e+00 1.000000e-03)
238           	(0.000000e+00 0.000000e+00 1.000000e-03)
239           	(0.000000e+00 0.000000e+00 1.000000e-03)
240           	(0.000000e+00 0.000000e+00 1.000000e-03)
241           	(0.000000e+00 0.000000e+00 1.000000e-03)
242           	(0.000000e+00 0.000000e+00 1.000000e-03)
243           	(0.000000e+00 0.000000e+00 1.000000e-03)
244           	(0.000000e+00 0.000000e+00 1.000000e-03)
245           	(0.000000e+00 0.000000e+00 1.000000e-03)
246           	(0.000000e+00 0.000000e+00 1.000000e-03)
247           	(0.000000e+00 0.000000e+00 1.000000e-03)
248           	(0.000000e+00 0.000000e+00 1.000000e-03)
249           	(0.000000e+00 0.000000e+00 1.000000e-03)
250           	(0.000000e+00 0.000000e+00 1.000000e-03)
251           	(0.000000e+00 0.000000e+00 1.000000e-03)
252           	(0.000000e+00 0.000000e+00 1.000000e-03)
253           	(0.000000e+00 0.000000e+00 1.000000e-03)
254           	(0.000000e+00 0.000000e+00 1.000000e-03)
255           	(0.000000e+00 0.000000e+00 1.000000e-03)
256           	(0.000000e+00 0.000000e+00 1.000000e-03)
257           	(0.000000e+00 0.000000e+00 1.000000e-03)
258           	(0.000000e+00 0.000000e+00 1.000000e-03)
259           	(0.000000e+00 0.000000e+00 1.000000e-03)
260           	(0.000000e+00 0.000000e+00 1.000000e-03)
261           	(0.000000e+00 0.000000e+00 1.000000e-03)
262           	(0.000000e+00 0.000000e+00 1.000000e-03)
263           	(0.000000e+00 0.000000e+00 1.000000e-03)
264           	(0.000000e+00 0.000000e+00 1.000000e-03)
265           	(0.000000e+00 0.000000e+00 1.000000e-03)
266           	(0.000000e+00 0.000000e+00 1.000000e-03)
267           	(0.000000e+00 0.000000e+00 1.000000e-03)
268           	(0.000000e+00 0.000000e+00 1.000000e-03)
269           	(0.000000e+00 0.000000e+00 1.000000e-03)
270           	(0.000000e+00 0.000000e+00 1.000000e-03)
271           	(0.000000e+00 0.000000e+00 1.000000e-03)
272           	(0.000000e+00 0.000000e+00 1.000000e-03)
273           	(0.000000e+00 0.000000e+00 1.000000e-03)
274           	(0.000000e+00 0.000000e+00 1.000000e-03)
275           	(0.000000e+00 0.000000e+00 1.000000e-03)
276           	(0.000000e+00 0.000000e+00 1.000000e-03)
277           	(0.000000e+00 0.000000e+00 1.000000e-03)
278           	(0.000000e+00 0.000000e+00 1.000000e-03)
279           	(0.000000e+00 0.000000e+00 1.000000e-03)
280           	(0.000000e+00 0.000000e+00 1.000000e-03)
281           	(0.000000e+00 0.000000e+00 1.000000e-03)
282           	(0.000000e+00 0.000000e+00 1.000000e-03)
283           	(0.000000e+00 0.000000e+00 1.000000e-03)
284           	(0.000000e+00 0.000000e+00 1.000000e-03)
285           	(0.000000e+00 0.000000e+00 1.000000e-03)
286           	(0.000000e+00 0.000000e+00 1.000000e-03)
287           	(0.000000e+00 0.000000e+00 1.000000e-03)
288           	(0.000000e+00 0.000000e+00 1.000000e-03)
289           	(0.000000e+00 0.000000e+00 1.000000e-03)
290           	(0.000000e+00 0.000000e+00 1.000000e-03)
291           	(0.000000e+00 0.000000e+00 1.000000e-03)
292           	(0.000000e+00 0.000000e+00 1.000000e-03)
293           	(0.000000e+00 0.000000e+00 1.000000e-03)
294           	(0.000000e+00 0.000000e+00 1.000000e-03)
295           	(0.000000e+00 0.000000e+00 1.000000e-03)
296           	(0.000000e+00 0.000000e+00 1.000000e-03)
297           	(0.000000e+00 0.000000e+00 1.000000e-03)
298           	(0.000000e+00 0.000000e+00 1.000000e-03)
299           	(0.000000e+00 0.000000e+00 1.000000e-03)
300           	(0.000000e+00 0.000000e+00 1.000000e-03)
301           	(0.000000e+00 0.000000e+00 1.000000e-03)
302           	(0.000000e+00 0.000000e+00 1.000000e-03)
303           	(0.000000e+00 0.000000e+00 1.000000e-03)
304           	(0.000000e+00 0.000000e+00 1.000000e-03)
305           	(0.000000e+00 0.000000e+00 1.000000e-03)
306           	(0.000000e+00 0.000000e+00 1.000000e-03)
307           	(0.000000e+00 0.000000e+00 1.000000e-03)
308           	(0.000000e+00 0.000000e+00 1.000000e-03)
309           	(0.000000e+00 0.000000e+00 1.000000e-03)
310           	(0.000000e+00 0.000000e+00 1.000000e-03)
311           	(0.000000e+00 0.000000e+00 1.000000e-03)
312           	(0.000000e+00 0.000000e+00 1.000000e-03)
313           	(0.000000e+00 0.000000e+00 1.000000e-03)
314           	(0.000000e+00 0.000000e+00 1.000000e-03)
315           	(0.000000e+00 0.000000e+00 1.000000e-03)
316           	(0.000000e+00 0.000000e+00 1.000000e-03)
317           	(0.000000e+00 0.000000e+00 1.000000e-03)
318           	(0.000000e+00 0.000000e+00 1.000000e-03)
319           	(0.000000e+00 0.000000e+00 1.000000e-03)
320           	(0.000000e+00 0.000000e+00 1.000000e-03)
321           	(0.000000e+00 0.000000e+00 1.000000e-03)
322           	(0.000000e+00 0.000000e+00 1.000000e-03)
323           	(0.000000e+00 0.000000e+00 1.000000e-03)
324           	(0.000000e+00 0.000000e+00 1.000000e-03)
325           	(0.000000e+00 0.000000e+00 1.000000e-03)
326           	(0.000000e+00 0.000000e+00 1.000000e-03)
327           	(0.000000e+00 0.000000e+00 1.000000e-03)
328           	(0.000000e+00 0.000000e+00 1.000000e-03)
329           	(0.000000e+00 0.000000e+00 1.000000e-03)
330           	(0.000000e+00 0.000000e+00 1.000000e-03)
331           	(0.000000e+00 0.000000e+00 1.000000e-03)
332           	(0.000000e+00 0.000000e+00 1.000000e-03)
333           	(0.000000e+00 0.000000e+00 1.000000e-03)
334           	(0.000000e+00 0.000000e+00 1.000000e-03)
335           	(0.000000e+00 0.000000e+00 1.000000e-03)
336           	(0.000000e+00 0.000000e+00 1.000000e-03)
337           	(0.000000e+00 0.000000e+00 1.000000e-03)
338           	(0.000000e+00 0.000000e+00 1.000000e-03)
339           	(0.000000e+00 0.000000e+00 1.000000e-03)
340           	(0.000000e+00 0.000000e+00 1.000000e-03)
341           	(0.000000e+00 0.000000e+00 1.000000e-03)
342           	(0.000000e+00 0.000000e+00 1.000000e-03)
343           	(0.000000e+00 0.000000e+00 1.000000e-03)
344           	(0.000000e+00 0.000000e+00 1.000000e-03)
345           	(0.000000e+00 0.000000e+00 1.000000e-03)
346           	(0.000000e+00 0.000000e+00 1.000000e-03)
347           	(0.000000e+00 0.000000e+00 1.000000e-03)
348           	(0.000000e+00 0.000000e+00 1.000000e-03)
349           	(0.000000e+00 0.000000e+00 1.000000e-03)
350           	(0.000000e+00 0.000000e+00 1.000000e-03)
351           	(0.000000e+00 0.000000e+00 1.000000e-03)
352           	(0.000000e+00 0.000000e+00 1.000000e-03)
353           	(0.000000e+00 0.000000e+00 1.000000e-03)
354           	(0.000000e+00 0.000000e+00 1.000000e-03)
355           	(0.000000e+00 0.000000e+00 1.000000e-03)
356           	(0.000000e+00 0.000000e+00 1.000000e-03)
357           	(0.000000e+00 0.000000e+00 1.000000e-03)
358           	(0.000000e+00 0.000000e+00 1.000000e-03)
359           	(0.000000e+00 0.000000e+00 1.000000e-03)
360           	(0.000000e+00 0.000000e+00 1.000000e-03)
361           	(0.000000e+00 0.000000e+00 1.000000e-03)
362           	(0.000000e+00 0.000000e+00 1.000000e-03)
363           	(0.000000e+00 0.000000e+00 1.000000e-03)
364           	(0.000000e+00 0.000000e+00 1.000000e-03)
365           	(0.000000e+00 0.000000e+00 1.000000e-03)
366           	(0.000000e+00 0.000000e+00 1.000000e-03)
367           	(0.000000e+00 0.000000e+00 1.000000e-03)
368           	(0.000000e+00 0.000000e+00 1.000000e-03)
369           	(0.000000e+00 0.000000e+00 1.000000e-03)
370           	(0.000000e+00 0.000000e+00 1.000000e-03)
371           	(0.000000e+00 0.000000e+00 1.000000e-03)
372           	(0.000000e+00 0.000000e+00 1.000000e-03)
373           	(0.000000e+00 0.000000e+00 1.000000e-03)
374           	(0.000000e+00 0.000000e+00 1.000000e-03)
375           	(0.000000e+00 0.000000e+00 1.000000e-03)
376           	(0.000000e+00 0.000000e+00 1.000000e-03)
377           	(0.000000e+00 0.000000e+00 1.000000e-03)
378           	(0.000000e+00 0.000000e+00 1.000000e-03)
379           	(0.000000e+00 0.000000e+00 1.000000e-03)
380           	(0.000000e+00 0.000000e+00 1.000000e-03)
381           	(0.000000e+00 0.000000e+00 1.000000e-03)
382           	(0.000000e+00 0.000000e+00 1.000000e-03)
383           	(0.000000e+00 0.000000e+00 1.000000e-03)
384           	(0.000000e+00 0.000000e+00 1.000000e-03)
385           	(0.000000e+00 0.000000e+00 1.000000e-03)
386           	(0.000000e+00 0.000000e+00 1.000000e-03)
387           	(0.000000e+00 0.000000e+00 1.000000e-03)
388           	(0.000000e+00 0.000000e+00 1.000000e-03)
389           	(0.000000e+00 0.000000e+00 1.000000e-03)
390           	(0.000000e+00 0.000000e+00 1.000000e-03)
391           	(0.000000e+00 0.000000e+00 1.000000e-03)
392           	(0.000000e+00 0.000000e+00 1.000000e-03)
393           	(0.000000e+00 0.000000e+00 1.000000e-03)
394           	(0.000000e+00 0.000000e+00 1.000000e-03)
395           	(0.000000e+00 0.000000e+00 1.000000e-03)
396           	(0.000000e+00 0.000000e+00 1.000000e-03)
397           	(0.000000e+00 0.000000e+00 1.000000e-03)
398           	(0.000000e+00 0.000000e+00 1.000000e-03)
399           	(0.000000e+00 0.000000e+00 1.000000e-03)
400           	(0.000000e+00 0.000000e+00 1.000000e-03)
401           	(0.000000e+00 0.000000e+00 1.000000e-03)
402           	(0.000000e+00 0.000000e+00 1.000000e-03)
403           	(0.000000e+00 0.000000e+00 1.000000e-03)
404           	(0.000000e+00 0.000000e+00 1.000000e-03)
405           	(0.000000e+00 0.000000e+00 1.000000e-03)
406           	(0.000000e+00 0.000000e+00 1.000000e-03)
407           	(0.000000e+00 0.000000e+00 1.000000e-03)
408           	(0.000000e+00 0.000000e+00 1.000000e-03)
409           	(0.000000e+00 0.000000e+00 1.000000e-03)
410           	(0.000000e+00 0.000000e+00 1.000000e-03)
411           	(0.000000e+00 0.000000e+00 1.000000e-03)
412           	(0.000000e+00 0.000000e+00 1.000000e-03)
413           	(0.000000e+00 0.000000e+00 1.000000e-03)
414           	(0.000000e+00 0.000000e+00 1.000000e-03)
415           	(0.000000e+00 0.000000e+00 1.000000e-03)
416           	(0.000000e+00 0.000000e+00 1.000000e-03)
417           	(0.000000e+00 0.000000e+00 1.000000e-03)
418           	(0.000000e+00 0.000000e+00 1.000000e-03)
419           	(0.000000e+00 0.000000e+00 1.000000e-03)
420           	(0.000000e+00 0.000000e+00 1.000000e-03)
421           	(0.000000e+00 0.000000e+00 1.000000e-03)
422           	(0.000000e+00 0.000000e+00 1.000000e-03)
423           	(0.000000e+00 0.000000e+00 1.000000e-03)
424           	(0.000000e+00 0.000000e+00 1.000000e-03)
425           	(0.000000e+00 0.000000e+00 1.000000e-03)
426           	(0.000000e+00 0.000000e+00 1.000000e-03)
427           	(0.000000e+00 0.000000e+00 1.000000e-03)
428           	(0.000000e+00 0.000000e+00 1.000000e-03)
429           	(0.000000e+00 0.000000e+00 1.000000e-03)
430           	(0.000000e+00 0.000000e+00 1.000000e-03)
431           	(0.000000e+00 0.000000e+00 1.000000e-03)
432           	(0.000000e+00 0.000000e+00 1.000000e-03)
433           	(0.000000e+00 0.000000e+00 1.000000e-03)
434           	(0.000000e+00 0.000000e+00 1.000000e-03)
435           	(0.000000e+00 0.000000e+00 1.000000e-03)
436           	(0.000000e+00 0.000000e+00 1.000000e-03)
437           	(0.000000e+00 0.000000e+00 1.000000e-03)
438           	(0.000000e+00 0.000000e+00 1.000000e-03)
439           	(0.000000e+00 0.000000e+00 1.000000e-03)
440           	(0.000000e+00 0.000000e+00 1.000000e-03)
441           	(0.000000e+00 0.000000e+00 1.000000e-03)
442           	(0.000000e+00 0.000000e+00 1.000000e-03)
443           	(0.000000e+00 0.000000e+00 1.000000e-03)
444           	(0.000000e+00 0.000000e+00 1.000000e-03)
445           	(0.000000e+00 0.000000e+00 1.000000e-03)
446           	(0.000000e+00 0.000000e+00 1.000000e-03)
447           	(0.000000e+00 0.000000e+00 1.000000e-03)
448           	(0.000000e+00 0.000000e+00 1.000000e-03)
449           	(0.000000e+00 0.000000e+00 1.000000e-03)
450           	(0.000000e+00 0.000000e+00 1.000000e-03)
451           	(0.000000e+00 0.000000e+00 1.000000e-03)
452           	(0.000000e+00 0.000000e+00 1.000000e-03)
453           	(0.000000e+00 0.000000e+00 1.000000e-03)
454           	(0.000000e+00 0.000000e+00 1.000000e-03)
455           	(0.000000e+00 0.000000e+00 1.000000e-03)
456           	(0.000000e+00 0.000000e+00 1.000000e-03)
457           	(0.000000e+00 0.000000e+00 1.000000e-03)
458           	(0.000000e+00 0.000000e+00 1.000000e-03)
459           	(0.000000e+00 0.000000e+00 1.000000e-03)
460           	(0.000000e+00 0.000000e+00 1.000000e-03)
461           	(0.000000e+00 0.000000e+00 1.000000e-03)
462           	(0.000000e+00 0.000000e+00 1.000000e-03)
463           	(0.000000e+00 0.000000e+00 1.000000e-03)
464           	(0.000000e+00 0.000000e+00 1.000000e-03)
465           	(0.000000e+00 0.000000e+00 1.000000e-03)
466           	(0.000000e+00 0.000000e+00 1.000000e-03)
467           	(0.000000e+00 0.000000e+00 1.000000e-03)
468           	(0.000000e+00 0.000000e+00 1.000000e-03)
469           	(0.000000e+00 0.000000e+00 1.000000e-03)
470           	(0.000000e+00 0.000000e+00 1.000000e-03)
471           	(0.000000e+00 0.000000e+00 1.000000e-03)
472           	(0.000000e+00 0.000000e+00 1.000000e-03)
473           	(0.000000e+00 0.000000e+00 1.000000e-03)
474           	(0.000000e+00 0.000000e+00 1.000000e-03)
475           	(0.000000e+00 0.000000e+00 1.000000e-03)
476           	(0.000000e+00 0.000000e+00 1.000000e-03)
477           	(0.000000e+00 0.000000e+00 1.000000e-03)
478           	(0.000000e+00 0.000000e+00 1.000000e-03)
479           	(0.000000e+00 0.000000e+00 1.000000e-03)
480           	(0.000000e+00 0.000000e+00 1.000000e-03)
481           	(0.000000e+00 0.000000e+00 1.000000e-03)
482           	(0.000000e+00 0.000000e+00 1.000000e-03)
483           	(0.000000e+00 0.000000e+00 1.000000e-03)
484           	(0.000000e+00 0.000000e+00 1.000000e-03)
485           	(0.000000e+00 0.000000e+00 1.000000e-03)
486           	(0.000000e+00 0.000000e+00 1.000000e-03)
487           	(0.000000e+00 0.000000e+00 1.000000e-03)
488           	(0.000000e+00 0.000000e+00 1.000000e-03)
489           	(0.000000e+00 0.000000e+00 1.000000e-03)
490           	(0.000000e+00 0.000000e+00 1.000000e-03)
491           	(0.000000e+00 0.000000e+00 1.000000e-03)
492           	(0.000000e+00 0.000000e+00 1.000000e-03)
493           	(0.000000e+00 0.000000e+00 1.000000e-03)
494           	(0.000000e+00 0.000000e+00 1.000000e-03)
495           	(0.000000e+00 0.000000e+00 1.000000e-03)
496           	(0.000000e+00 0.000000e+00 1.000000e-03)
497           	(0.000000e+00 0.000000e+00 1.000000e-03)
498           	(0.000000e+00 0.000000e+00 1.000000e-03)
499           	(0.000000e+00 0.000000e+00 1.000000e-03)
500           	(0.000000e+00 0.000000e+00 1.000000e-03)
501           	(0.000000e+00 0.000000e+00 1.000000e-03)
502           	(0.000000e+00 0.000000e+00 1.000000e-03)
503           	(0.000000e+00 0.000000e+00 1.000000e-03)
504           	(0.000000e+00 0.000000e+00 1.000000e-03)
505           	(0.000000e+00 0.000000e+00 1.000000e-03)
506           	(0.000000e+00 0.000000e+00 1.000000e-03)
507           	(0.000000e+00 0.000000e+00 1.000000e-03)
508           	(0.000000e+00 0.000000e+00 1.000000e-03)
509           	(0.000000e+00 0.000000e+00 1.000000e-03)
510           	(0.000000e+00 0.000000e+00 1.000000e-03)
511           	(0.000000e+00 0.000000e+00 1.000000e-03)
512           	(0.000000e+00 0.000000e+00 1.000000e-03)
513           	(0.000000e+00 0.000000e+00 1.000000e-03)
514           	(0.000000e+00 0.000000e+00 1.000000e-03)
515           	(0.000000e+00 0.000000e+00 1.000000e-03)
516           	(0.000000e+00 0.000000e+00 1.000000e-03)
517           	(0.000000e+00 0.000000e+00 1.000000e-03)
518           	(0.000000e+00 0.000000e+00 1.000000e-03)
519           	(0.000000e+00 0.000000e+00 1.000000e-03)
520           	(0.000000e+00 0.000000e+00 1.000000e-03)
521           	(0.000000e+00 0.000000e+00 1.000000e-03)
522           	(0.000000e+00 0.000000e+00 1.000000e-03)
523           	(0.000000e+00 0.000000e+00 1.000000e-03)
524           	(0.000000e+00 0.000000e+00 1.000000e-03)
525           	(0.000000e+00 0.000000e+00 1.000000e-03)
526           	(0.000000e+00 0.000000e+00 1.000000e-03)
527           	(0.000000e+00 0.000000e+00 1.000000e-03)
528           	(0.000000e+00 0.000000e+00 1.000000e-03)
529           	(0.000000e+00 0.000000e+00 1.000000e-03)
530           	(0.000000e+00 0.000000e+00 1.000000e-03)
531           	(0.000000e+00 0.000000e+00 1.000000e-03)
532           	(0.000000e+00 0.000000e+00 1.000000e-03)
533           	(0.000000e+00 0.000000e+00 1.000000e-03)
534           	(0.000000e+00 0.000000e+00 1.000000e-03)
535           	(0.000000e+00 0.000000e+00 1.000000e-03)
536           	(0.000000e+00 0.000000e+00 1.000000e-03)
537           	(0.000000e+00 0.000000e+00 1.000000e-03)
538           	(0.000000e+00 0.000000e+00 1.000000e-03)
539           	(0.000000e+00 0.000000e+00 1.000000e-03)
540           	(0.000000e+00 0.000000e+00 1.000000e-03)
541           	(0.000000e+00 0.000000e+00 1.000000e-03)
542           	(0.000000e+00 0.000000e+00 1.000000e-03)
543           	(0.000000e+00 0.000000e+00 1.000000e-03)
544           	(0.000000e+00 0.000000e+00 1.000000e-03)
545           	(0.000000e+00 0.000000e+00 1.000000e-03)
546           	(0.000000e+00 0.000000e+00 1.000000e-03)
547           	(0.000000e+00 0.000000e+00 1.000000e-03)
548           	(0.000000e+00 0.000000e+00 1.000000e-03)
549           	(0.000000e+00 0.000000e+00 1.000000e-03)
550           	(0.000000e+00 0.000000e+00 1.000000e-03)
551           	(0.000000e+00 0.000000e+00 1.000000e-03)
552           	(0.000000e+00 0.000000e+00 1.000000e-03)
553           	(0.000000e+00 0.000000e+00 1.000000e-03)
554           	(0.000000e+00 0.000000e+00 1.000000e-03)
555           	(0.000000e+00 0.000000e+00 1.000000e-03)
556           	(0.000000e+00 0.000000e+00 1.000000e-03)
557           	(0.000000e+00 0.000000e+00 1.000000e-03)
558           	(0.000000e+00 0.000000e+00 1.000000e-03)
559           	(0.000000e+00 0.000000e+00 1.000000e-03)
560           	(0.000000e+00 0.000000e+00 1.000000e-03)
561           	(0.000000e+00 0.000000e+00 1.000000e-03)
562           	(0.000000e+00 0.000000e+00 1.000000e-03)
563           	(0.000000e+00 0.000000e+00 1.000000e-03)
564           	(0.000000e+00 0.000000e+00 1.000000e-03)
565           	(0.000000e+00 0.000000e+00 1.000000e-03)
566           	(0.000000e+00 0.000000e+00 1.000000e-03)
567           	(0.000000e+00 0.000000e+00 1.000000e-03)
568           	(0.000000e+00 0.000000e+00 1.000000e-03)
569           	(0.000000e+00 0.000000e+00 1.000000e-03)
570           	(0.000000e+00 0.000000e+00 1.000000e-03)
571           	(0.000000e+00 0.000000e+00 1.000000e-03)
572           	(0.000000e+00 0.000000e+00 1.000000e-03)
573           	(0.000000e+00 0.000000e+00 1.000000e-03)
574           	(0.000000e+00 0.000000e+00 1.000000e-03)
575           	(0.000000e+00 0.000000e+00 1.000000e-03)
576           	(0.000000e+00 0.000000e+00 1.000000e-03)
577           	(0.000000e+00 0.000000e+00 1.000000e-03)
578           	(0.000000e+00 0.000000e+00 1.000000e-03)
579           	(0.000000e+00 0.000000e+00 1.000000e-03)
580           	(0.000000e+00 0.000000e+00 1.000000e-03)
581           	(0.000000e+00 0.000000e+00 1.000000e-03)
582           	(0.000000e+00 0.000000e+00 1.000000e-03)
583           	(0.000000e+00 0.000000e+00 1.000000e-03)
584           	(0.000000e+00 0.000000e+00 1.000000e-03)
585           	(0.000000e+00 0.000000e+00 1.000000e-03)
586           	(0.000000e+00 0.000000e+00 1.000000e-03)
587           	(0.000000e+00 0.000000e+00 1.000000e-03)
588           	(0.000000e+00 0.000000e+00 1.000000e-03)
589           	(0.000000e+00 0.000000e+00 1.000000e-03)
590           	(0.000000e+00 0.000000e+00 1.000000e-03)
591           	(0.000000e+00 0.000000e+00 1.000000e-03)
592           	(0.000000e+00 0.000000e+00 1.000000e-03)
593           	(0.000000e+00 0.000000e+00 1.000000e-03)
594           	(0.000000e+00 0.000000e+00 1.000000e-03)
595           	(0.000000e+00 0.000000e+00 1.000000e-03)
596           	(0.000000e+00 0.000000e+00 1.000000e-03)
597           	(0.000000e+00 0.000000e+00 1.000000e-03)
598           	(0.000000e+00 0.000000e+00 1.000000e-03)
599           	(0.000000e+00 0.000000e+00 1.000000e-03)
600           	(0.000000e+00 0.000000e+00 1.000000e-03)
601           	(0.000000e+00 0.000000e+00 1.000000e-03)
602           	(0.000000e+00 0.000000e+00 1.000000e-03)
603           	(0.000000e+00 0.000000e+00 1.000000e-03)
604           	(0.000000e+00 0.000000e+00 1.000000e-03)
605           	(0.000000e+00 0.000000e+00 1.000000e-03)
606           	(0.000000e+00 0.000000e+00 1.000000e-03)
607           	(0.000000e+00 0.000000e+00 1.000000e-03)
608           	(0.000000e+00 0.000000e+00 1.000000e-03)
609           	(0.000000e+00 0.000000e+00 1.000000e-03)
610           	(0.000000e+00 0.000000e+00 1.000000e-03)
611           	(0.000000e+00 0.000000e+00 1.000000e-03)
612           	(0.000000e+00 0.000000e+00 1.000000e-03)
613           	(0.000000e+00 0.000000e+00 1.000000e-03)
614           	(0.000000e+00 0.000000e+00 1.000000e-03)
615           	(0.000000e+00 0.000000e+00 1.000000e-03)
616           	(0.000000e+00 0.000000e+00 1.000000e-03)
617           	(0.000000e+00 0.000000e+00 1.000000e-03)
618           	(0.000000e+00 0.000000e+00 1.000000e-03)
619           	(0.000000e+00 0.000000e+00 1.000000e-03)
620           	(0.000000e+00 0.000000e+00 1.000000e-03)
621           	(0.000000e+00 0.000000e+00 1.000000e-03)
622           	(0.000000e+00 0.000000e+00 1.000000e-03)
623           	(0.000000e+00 0.000000e+00 1.000000e-03)
624           	(0.000000e+00 0.000000e+00 1.000000e-03)
625           	(0.000000e+00 0.000000e+00 1.000000e-03)
626           	(0.000000e+00 0.000000e+00 1.000000e-03)
627           	(0.000000e+00 0.000000e+00 1.000000e-03)
628           	(0.000000e+00 0.000000e+00 1.000000e-03)
629           	(0.000000e+00 0.000000e+00 1.000000e-03)
630           	(0.000000e+00 0.000000e+00 1.000000e-03)
631           	(0.000000e+00 0.000000e+00 1.000000e-03)
632           	(0.000000e+00 0.000000e+00 1.000000e-03)
633           	(0.000000e+00 0.000000e+00 1.000000e-03)
634           	(0.000000e+00 0.000000e+00 1.000000e-03)
635           	(0.000000e+00 0.000000e+00 1.000000e-03)
636           	(0.000000e+00 0.000000e+00 1.000000e-03)
637           	(0.000000e+00 0.000000e+00 1.000000e-03)
638           	(0.000000e+00 0.000000e+00 1.000000e-03)
639           	(0.000000e+00 0.000000e+00 1.000000e-03)
640           	(0.000000e+00 0.000000e+00 1.000000e-03)
641           	(0.000000e+00 0.000000e+00 1.000000e-03)
642           	(0.000000e+00 0.000000e+00 1.000000e-03)
643           	(0.000000e+00 0.000000e+00 1.000000e-03)
644           	(0.000000e+00 0.000000e+00 1.000000e-03)
645           	(0.000000e+00 0.000000e+00 1.000000e-03)
646           	(0.000000e+00 0.000000e+00 1.000000e-03)
647           	(0.000000e+00 0.000000e+00 1.000000e-03)
648           	(0.000000e+00 0.000000e+00 1.000000e-03)
649           	(0.000000e+00 0.000000e+00 1.000000e-03)
650           	(0.000000e+00 0.000000e+00 1.000000e-03)
651           	(0.000000e+00 0.000000e+00 1.000000e-03)
652           	(0.000000e+00 0.000000e+00 1.000000e-03)
653           	(0.000000e+00 0.000000e+00 1.000000e-03)
654           	(0.000000e+00 0.000000e+00 1.000000e-03)
655           	(0.000000e+00 0.000000e+00 1.000000e-03)
656           	(0.000000e+00 0.000000e+00 1.000000e-03)
657           	(0.000000e+00 0.000000e+00 1.000000e-03)
658           	(0.000000e+00 0.000000e+00 1.000000e-03)
659           	(0.000000e+00 0.000000e+00 1.000000e-03)
660           	(0.000000e+00 0.000000e+00 1.000000e-03)
661           	(0.000000e+00 0.000000e+00 1.000000e-03)
662           	(0.000000e+00 0.000000e+00 1.000000e-03)
663           	(0.000000e+00 0.000000e+00 1.000000e-03)
664           	(0.000000e+00 0.000000e+00 1.000000e-03)
665           	(0.000000e+00 0.000000e+00 1.000000e-03)
666           	(0.000000e+00 0.000000e+00 1.000000e-03)
667           	(0.000000e+00 0.000000e+00 1.000000e-03)
668           	(0.000000e+00 0.000000e+00 1.000000e-03)
669           	(0.000000e+00 0.000000e+00 1.000000e-03)
670           	(0.000000e+00 0.000000e+00 1.000000e-03)
671           	(0.000000e+00 0.000000e+00 1.000000e-03)
672           	(0.000000e+00 0.000000e+00 1.000000e-03)
673           	(0.000000e+00 0.000000e+00 1.000000e-03)
674           	(0.000000e+00 0.000000e+00 1.000000e-03)
675           	(0.000000e+00 0.000000e+00 1.000000e-03)
676           	(0.000000e+00 0.000000e+00 1.000000e-03)
677           	(0.000000e+00 0.000000e+00 1.000000e-03)
678           	(0.000000e+00 0.000000e+00 1.000000e-03)
679           	(0.000000e+00 0.000000e+00 1.000000e-03)
680           	(0.000000e+00 0.000000e+00 1.000000e-03)
681           	(0.000000e+00 0.000000e+00 1.000000e-03)
682           	(0.000000e+00 0.000000e+00 1.000000e-03)
683           	(0.000000e+00 0.000000e+00 1.000000e-03)
684           	(0.000000e+00 0.000000e+00 1.000000e-03)
685           	(0.000000e+00 0.000000e+00 1.000000e-03)
686           	(0.000000e+00 0.000000e+00 1.000000e-03)
687           	(0.000000e+00 0.000000e+00 1.000000e-03)
688           	(0.000000e+00 0.000000e+00 1.000000e-03)
689           	(0.000000e+00 0.000000e+00 1.000000e-03)
690           	(0.000000e+00 0.000000e+00 1.000000e-03)
691           	(0.000000e+00 0.000000e+00 1.000000e-03)
692           	(0.000000e+00 0.000000e+00 1.000000e-03)
693           	(0.000000e+00 0.000000e+00 1.000000e-03)
694           	(0.000000e+00 0.000000e+00 1.000000e-03)
695           	(0.000000e+00 0.000000e+00 1.000000e-03)
696           	(0.000000e+00 0.000000e+00 1.000000e-03)
697           	(0.000000e+00 0.000000e+00 1.000000e-03)
698           	(0.000000e+00 0.000000e+00 1.000000e-03)
699           	(0.000000e+00 0.000000e+00 1.000000e-03)
700           	(0.000000e+00 0.000000e+00 1.000000e-03)
701           	(0.000000e+00 0.000000e+00 1.000000e-03)
702           	(0.000000e+00 0.000000e+00 1.000000e-03)
703           	(0.000000e+00 0.000000e+00 1.000000e-03)
704           	(0.000000e+00 0.000000e+00 1.000000e-03)
705           	(0.000000e+00 0.000000e+00 1.000000e-03)
706           	(0.000000e+00 0.000000e+00 1.000000e-03)
707           	(0.000000e+00 0.000000e+00 1.000000e-03)
708           	(0.000000e+00 0.000000e+00 1.000000e-03)
709           	(0.000000e+00 0.000000e+00 1.000000e-03)
710           	(0.000000e+00 0.000000e+00 1.000000e-03)
711           	(0.000000e+00 0.000000e+00 1.000000e-03)
712           	(0.000000e+00 0.000000e+00 1.000000e-03)
713           	(0.000000e+00 0.000000e+00 1.000000e-03)
714           	(0.000000e+00 0.000000e+00 1.000000e-03)
715           	(0.000000e+00 0.000000e+00 1.000000e-03)
716           	(0.000000e+00 0.000000e+00 1.000000e-03)
717           	(0.000000e+00 0.000000e+00 1.000000e-03)
718           	(0.000000e+00 0.000000e+00 1.000000e-03)
719           	(0.000000e+00 0.000000e+00 1.000000e-03)
720           	(0.000000e+00 0.000000e+00 1.000000e-03)
721           	(0.000000e+00 0.000000e+00 1.000000e-03)
722           	(0.000000e+00 0.000000e+00 1.000000e-03)
723           	(0.000000e+00 0.000000e+00 1.000000e-03)
724           	(0.000000e+00 0.000000e+00 1.000000e-03)
725           	(0.000000e+00 0.000000e+00 1.000000e-03)
726           	(0.000000e+00 0.000000e+00 1.000000e-03)
727           	(0.000000e+00 0.000000e+00 1.000000e-03)
728           	(0.000000e+00 0.000000e+00 1.000000e-03)
729           	(0.000000e+00 0.000000e+00 1.000000e-03)
730           	(0.000000e+00 0.000000e+00 1.000000e-03)
731           	(0.000000e+00 0.000000e+00 1.000000e-03)
732           	(0.000000e+00 0.000000e+00 1.000000e-03)
733           	(0.000000e+00 0.000000e+00 1.000000e-03)
734           	(0.000000e+00 0.000000e+00 1.000000e-03)
735           	(0.000000e+00 0.000000e+00 1.000000e-03)
736           	(0.000000e+00 0.000000e+00 1.000000e-03)
737           	(0.000000e+00 0.000000e+00 1.000000e-03)
738           	(0.000000e+00 0.000000e+00 1.000000e-03)
739           	(0.000000e+00 0.000000e+00 1.000000e-03)
740           	(0.000000e+00 0.000000e+00 1.000000e-03)
741           	(0.000000e+00 0.000000e+00 1.000000e-03)
742           	(0.000000e+00 0.000000e+00 1.000000e-03)
743           	(0.000000e+00 0.000000e+00 1.000000e-03)
744           	(0.000000e+00 0.000000e+00 1.000000e-03)
745           	(0.000000e+00 0.000000e+00 1.000000e-03)
746           	(0.000000e+00 0.000000e+00 1.000000e-03)
747           	(0.000000e+00 0.000000e+00 1.000000e-03)
748           	(0.000000e+00 0.000000e+00 1.000000e-03)
749           	(0.000000e+00 0.000000e+00 1.000000e-03)
750           	(0.000000e+00 0.000000e+00 1.000000e-03)
751           	(0.000000e+00 0.000000e+00 1.000000e-03)
752           	(0.000000e+00 0.000000e+00 1.000000e-03)
753           	(0.000000e+00 0.000000e+00 1.000000e-03)
754           	(0.000000e+00 0.000000e+00 1.000000e-03)
755           	(0.000000e+00 0.000000e+00 1.000000e-03)
756           	(0.000000e+00 0.000000e+00 1.000000e-03)
757           	(0.000000e+00 0.000000e+00 1.000000e-03)
758           	(0.000000e+00 0.000000e+00 1.000000e-03)
759           	(0.000000e+00 0.000000e+00 1.000000e-03)
760           	(0.000000e+00 0.000000e+00 1.000000e-03)
761           	(0.000000e+00 0.000000e+00 1.000000e-03)
762           	(0.000000e+00 0.000000e+00 1.000000e-03)
763           	(0.000000e+00 0.000000e+00 1.000000e-03)
764           	(0.000000e+00 0.000000e+00 1.000000e-03)
765           	(0.000000e+00 0.000000e+00 1.000000e-03)
766           	(0.000000e+00 0.000000e+00 1.000000e-03)
767           	(0.000000e+00 0.000000e+00 1.000000e-03)
768           	(0.000000e+00 0.000000e+00 1.000000e-03)
769           	(0.000000e+00 0.000000e+00 1.000000e-03)
770           	(0.000000e+00 0.000000e+00 1.000000e-03)
771           	(0.000000e+00 0.000000e+00 1.000000e-03)
772           	(0.000000e+00 0.000000e+00 1.000000e-03)
773           	(0.000000e+00 0.000000e+00 1.000000e-03)
774           	(0.000000e+00 0.000000e+00 1.000000e-03)
775           	(0.000000e+00 0.000000e+00 1.000000e-03)
776           	(0.000000e+00 0.000000e+00 1.000000e-03)
777           	(0.000000e+00 0.000000e+00 1.000000e-03)
778           	(0.000000e+00 0.000000e+00 1.000000e-03)
779           	(0.000000e+00 0.000000e+00 1.000000e-03)
780           	(0.000000e+00 0.000000e+00 1.000000e-03)
781           	(0.000000e+00 0.000000e+00 1.000000e-03)
782           	(0.000000e+00 0.000000e+00 1.000000e-03)
783           	(0.000000e+00 0.000000e+00 1.000000e-03)
784           	(0.000000e+00 0.000000e+00 1.000000e-03)
785           	(0.000000e+00 0.000000e+00 1.000000e-03)
786           	(0.000000e+00 0.000000e+00 1.000000e-03)
787           	(0.000000e+00 0.000000e+00 1.000000e-03)
788           	(0.000000e+00 0.000000e+00 1.000000e-03)
789           	(0.000000e+00 0.000000e+00 1.000000e-03)
790           	(0.000000e+00 0.000000e+00 1.000000e-03)
791           	(0.000000e+00 0.000000e+00 1.000000e-03)
792           	(0.000000e+00 0.000000e+00 1.000000e-03)
793           	(0.000000e+00 0.000000e+00 1.000000e-03)
794           	(0.000000e+00 0.000000e+00 1.000000e-03)
795           	(0.000000e+00 0.000000e+00 1.000000e-03)
796           	(0.000000e+00 0.000000e+00 1.000000e-03)
797           	(0.000000e+00 0.000000e+00 1.000000e-03)
798           	(0.000000e+00 0.000000e+00 1.000000e-03)
799           	(0.000000e+00 0.000000e+00 1.000000e-03)
800           	(0.000000e+00 0.000000e+00 1.000000e-03)
801           	(0.000000e+00 0.000000e+00 1.000000e-03)
802           	(0.000000e+00 0.000000e+00 1.000000e-03)
803           	(0.000000e+00 0.000000e+00 1.000000e-03)
804           	(0.000000e+00 0.000000e+00 1.000000e-03)
805           	(0.000000e+00 0.000000e+00 1.000000e-03)
806           	(0.000000e+00 0.000000e+00 1.000000e-03)
807           	(0.000000e+00 0.000000e+00 1.000000e-03)
808           	(0.000000e+00 0.000000e+00 1.000000e-03)
809           	(0.000000e+00 0.000000e+00 1.000000e-03)
810           	(0.000000e+00 0.000000e+00 1.000000e-03)
811           	(0.000000e+00 0.000000e+00 1.000000e-03)
812           	(0.000000e+00 0.000000e+00 1.000000e-03)
813           	(0.000000e+00 0.000000e+00 1.000000e-03)
814           	(0.000000e+00 0.000000e+00 1.000000e-03)
815           	(0.000000e+00 0.000000e+00 1.000000e-03)
816           	(0.000000e+00 0.000000e+00 1.000000e-03)
817           	(0.000000e+00 0.000000e+00 1.000000e-03)
818           	(0.000000e+00 0.000000e+00 1.000000e-03)
819           	(0.000000e+00 0.000000e+00 1.000000e-03)
820           	(0.000000e+00 0.000000e+00 1.000000e-03)
821           	(0.000000e+00 0.000000e+00 1.000000e-03)
822           	(0.000000e+00 0.000000e+00 1.000000e-03)
823           	(0.000000e+00 0.000000e+00 1.000000e-03)
824           	(0.000000e+00 0.000000e+00 1.000000e-03)
825           	(0.000000e+00 0.000000e+00 1.000000e-03)
826           	(0.000000e+00 0.000000e+00 1.000000e-03)
827           	(0.000000e+00 0.000000e+00 1.000000e-03)
828           	(0.000000e+00 0.000000e+00 1.000000e-03)
829           	(0.000000e+00 0.000000e+00 1.000000e-03)
830           	(0.000000e+00 0.000000e+00 1.000000e-03)
831           	(0.000000e+00 0.000000e+00 1.000000e-03)
832           	(0.000000e+00 0.000000e+00 1.000000e-03)
833           	(0.000000e+00 0.000000e+00 1.000000e-03)
834           	(0.000000e+00 0.000000e+00 1.000000e-03)
835           	(0.000000e+00 0.000000e+00 1.000000e-03)
836           	(0.000000e+00 0.000000e+00 1.000000e-03)
837           	(0.000000e+00 0.000000e+00 1.000000e-03)
838           	(0.000000e+00 0.000000e+00 1.000000e-03)
839           	(0.000000e+00 0.000000e+00 1.000000e-03)
840           	(0.000000e+00 0.000000e+00 1.000000e-03)
841           	(0.000000e+00 0.000000e+00 1.000000e-03)
842           	(0.000000e+00 0.000000e+00 1.000000e-03)
843           	(0.000000e+00 0.000000e+00 1.000000e-03)
844           	(0.000000e+00 0.000000e+00 1.000000e-03)
845           	(0.000000e+00 0.000000e+00 1.000000e-03)
846           	(0.000000e+00 0.000000e+00 1.000000e-03)
847           	(0.000000e+00 0.000000e+00 1.000000e-03)
848           	(0.000000e+00 0.000000e+00 1.000000e-03)
849           	(0.000000e+00 0.000000e+00 1.000000e-03)
850           	(0.000000e+00 0.000000e+00 1.000000e-03)
851           	(0.000000e+00 0.000000e+00 1.000000e-03)
852           	(0.000000e+00 0.000000e+00 1.000000e-03)
853           	(0.000000e+00 0.000000e+00 1.000000e-03)
854           	(0.000000e+00 0.000000e+00 1.000000e-03)
855           	(0.000000e+00 0.000000e+00 1.000000e-03)
856           	(0.000000e+00 0.000000e+00 1.000000e-03)
857           	(0.000000e+00 0.000000e+00 1.000000e-03)
858           	(0.000000e+00 0.000000e+00 1.000000e-03)
859           	(0.000000e+00 0.000000e+00 1.000000e-03)
860           	(0.000000e+00 0.000000e+00 1.000000e-03)
861           	(0.000000e+00 0.000000e+00 1.000000e-03)
862           	(0.000000e+00 0.000000e+00 1.000000e-03)
863           	(0.000000e+00 0.000000e+00 1.000000e-03)
864           	(0.000000e+00 0.000000e+00 1.000000e-03)
865           	(0.000000e+00 0.000000e+00 1.000000e-03)
866           	(0.000000e+00 0.000000e+00 1.000000e-03)
867           	(0.000000e+00 0.000000e+00 1.000000e-03)
868           	(0.000000e+00 0.000000e+00 1.000000e-03)
869           	(0.000000e+00 0.000000e+00 1.000000e-03)
870           	(0.000000e+00 0.000000e+00 1.000000e-03)
871           	(0.000000e+00 0.000000e+00 1.000000e-03)
872           	(0.000000e+00 0.000000e+00 1.000000e-03)
873           	(0.000000e+00 0.000000e+00 1.000000e-03)
874           	(0.000000e+00 0.000000e+00 1.000000e-03)
875           	(0.000000e+00 0.000000e+00 1.000000e-03)
876           	(0.000000e+00 0.000000e+00 1.000000e-03)
877           	(0.000000e+00 0.000000e+00 1.000000e-03)
878           	(0.000000e+00 0.000000e+00 1.000000e-03)
879           	(0.000000e+00 0.000000e+00 1.000000e-03)
880           	(0.000000e+00 0.000000e+00 1.000000e-03)
881           	(0.000000e+00 0.000000e+00 1.000000e-03)
882           	(0.000000e+00 0.000000e+00 1.000000e-03)
883           	(0.000000e+00 0.000000e+00 1.000000e-03)
884           	(0.000000e+00 0.000000e+00 1.000000e-03)
885           	(0.000000e+00 0.000000e+00 1.000000e-03)
886           	(0.000000e+00 0.000000e+00 1.000000e-03)
887           	(0.000000e+00 0.000000e+00 1.000000e-03)
888           	(0.000000e+00 0.000000e+00 1.000000e-03)
889           	(0.000000e+00 0.000000e+00 1.000000e-03)
890           	(0.000000e+00 0.000000e+00 1.000000e-03)
891           	(0.000000e+00 0.000000e+00 1.000000e-03)
892           	(0.000000e+00 0.000000e+00 1.000000e-03)
893           	(0.000000e+00 0.000000e+00 1.000000e-03)
894           	(0.000000e+00 0.000000e+00 1.000000e-03)
895           	(0.000000e+00 0.000000e+00 1.000000e-03)
896           	(0.000000e+00 0.000000e+00 1.000000e-03)
897           	(0.000000e+00 0.000000e+00 1.000000e-03)
898           	(0.000000e+00 0.000000e+00 1.000000e-03)
899           	(0.000000e+00 0.000000e+00 1.000000e-03)
900           	(0.000000e+00 0.000000e+00 1.000000e-03)
901           	(0.000000e+00 0.000000e+00 1.000000e-03)
902           	(0.000000e+00 0.000000e+00 1.000000e-03)
903           	(0.000000e+00 0.000000e+00 1.000000e-03)
904           	(0.000000e+00 0.000000e+00 1.000000e-03)
905           	(0.000000e+00 0.000000e+00 1.000000e-03)
906           	(0.000000e+00 0.000000e+00 1.000000e-03)
907           	(0.000000e+00 0.000000e+00 1.000000e-03)
908           	(0.000000e+00 0.000000e+00 1.000000e-03)
909           	(0.000000e+00 0.000000e+00 1.000000e-03)
910           	(0.000000e+00 0.000000e+00 1.000000e-03)
911           	(0.000000e+00 0.000000e+00 1.000000e-03)
912           	(0.000000e+00 0.000000e+00 1.000000e-03)
913           	(0.000000e+00 0.000000e+00 1.000000e-03)
914           	(0.000000e+00 0.000000e+00 1.000000e-03)
915           	(0.000000e+00 0.000000e+00 1.000000e-03)
916           	(0.000000e+00 0.000000e+00 1.000000e-03)
917           	(0.000000e+00 0.000000e+00 1.000000e-03)
918           	(0.000000e+00 0.000000e+00 1.000000e-03)
919           	(0.000000e+00 0.000000e+00 1.000000e-03)
920           	(0.000000e+00 0.000000e+00 1.000000e-03)
921           	(0.000000e+00 0.000000e+00 1.000000e-03)
922           	(0.000000e+00 0.000000e+00 1.000000e-03)
923           	(0.000000e+00 0.000000e+00 1.000000e-03)
924           	(0.000000e+00 0.000000e+00 1.000000e-03)
925           	(0.000000e+00 0.000000e+00 1.000000e-03)
926           	(0.000000e+00 0.000000e+00 1.000000e-03)
927           	(0.000000e+00 0.000000e+00 1.000000e-03)
928           	(0.000000e+00 0.000000e+00 1.000000e-03)
929           	(0.000000e+00 0.000000e+00 1.000000e-03)
930           	(0.000000e+00 0.000000e+00 1.000000e-03)
931           	(0.000000e+00 0.000000e+00 1.000000e-03)
932           	(0.000000e+00 0.000000e+00 1.000000e-03)
933           	(0.000000e+00 0.000000e+00 1.000000e-03)
934           	(0.000000e+00 0.000000e+00 1.000000e-03)
935           	(0.000000e+00 0.000000e+00 1.000000e-03)
936           	(0.000000e+00 0.000000e+00 1.000000e-03)
937           	(0.000000e+00 0.000000e+00 1.000000e-03)
938           	(0.000000e+00 0.000000e+00 1.000000e-03)
939           	(0.000000e+00 0.000000e+00 1.000000e-03)
940           	(0.000000e+00 0.000000e+00 1.000000e-03)
941           	(0.000000e+00 0.000000e+00 1.000000e-03)
942           	(0.000000e+00 0.000000e+00 1.000000e-03)
943           	(0.000000e+00 0.000000e+00 1.000000e-03)
944           	(0.000000e+00 0.000000e+00 1.000000e-03)
945           	(0.000000e+00 0.000000e+00 1.000000e-03)
946           	(0.000000e+00 0.000000e+00 1.000000e-03)
947           	(0.000000e+00 0.000000e+00 1.000000e-03)
948           	(0.000000e+00 0.000000e+00 1.000000e-03)
949           	(0.000000e+00 0.000000e+00 1.000000e-03)
950           	(0.000000e+00 0.000000e+00 1.000000e-03)
951           	(0.000000e+00 0.000000e+00 1.000000e-03)
952           	(0.000000e+00 0.000000e+00 1.000000e-03)
953           	(0.000000e+00 0.000000e+00 1.000000e-03)
954           	(0.000000e+00 0.000000e+00 1.000000e-03)
955           	(0.000000e+00 0.000000e+00 1.000000e-03)
956           	(0.000000e+00 0.000000e+00 1.000000e-03)
957           	(0.000000e+00 0.000000e+00 1.000000e-03)
958           	(0.000000e+00 0.000000e+00 1.000000e-03)
959           	(0.000000e+00 0.000000e+00 1.000000e-03)
960           	(0.000000e+00 0.000000e+00 1.000000e-03)
961           	(0.000000e+00 0.000000e+00 1.000000e-03)
962           	(0.000000e+00 0.000000e+00 1.000000e-03)
963           	(0.000000e+00 0.000000e+00 1.000000e-03)
964           	(0.000000e+00 0.000000e+00 1.000000e-03)
965           	(0.000000e+00 0.000000e+00 1.000000e-03)
966           	(0.000000e+00 0.000000e+00 1.000000e-03)
967           	(0.000000e+00 0.000000e+00 1.000000e-03)
968           	(0.000000e+00 0.000000e+00 1.000000e-03)
969           	(0.000000e+00 0.000000e+00 1.000000e-03)
970           	(0.000000e+00 0.000000e+00 1.000000e-03)
971           	(0.000000e+00 0.000000e+00 1.000000e-03)
972           	(0.000000e+00 0.000000e+00 1.000000e-03)
973           	(0.000000e+00 0.000000e+00 1.000000e-03)
974           	(0.000000e+00 0.000000e+00 1.000000e-03)
975           	(0.000000e+00 0.000000e+00 1.000000e-03)
976           	(0.000000e+00 0.000000e+00 1.000000e-03)
977           	(0.000000e+00 0.000000e+00 1.000000e-03)
978           	(0.000000e+00 0.000000e+00 1.000000e-03)
979           	(0.000000e+00 0.000000e+00 1.000000e-03)
980           	(0.000000e+00 0.000000e+00 1.000000e-03)
981           	(0.000000e+00 0.000000e+00 1.000000e-03)
982           	(0.000000e+00 0.000000e+00 1.000000e-03)
983           	(0.000000e+00 0.000000e+00 1.000000e-03)
984           	(0.000000e+00 0.000000e+00 1.000000e-03)
985           	(0.000000e+00 0.000000e+00 1.000000e-03)
986           	(0.000000e+00 0.000000e+00 1.000000e-03)
987           	(0.000000e+00 0.000000e+00 1.000000e-03)
988           	(0.000000e+00 0.000000e+00 1.000000e-03)
989           	(0.000000e+00 0.000000e+00 1.000000e-03)
990           	(0.000000e+00 0.000000e+00 1.000000e-03)
991           	(0.000000e+00 0.000000e+00 1.000000e-03)
992           	(0.000000e+00 0.000000e+00 1.000000e-03)
993           	(0.000000e+00 0.000000e+00 1.000000e-03)
994           	(0.000000e+00 0.000000e+00 1.000000e-03)
995           	(0.000000e+00 0.000000e+00 1.000000e-03)
996           	(0.000000e+00 0.000000e+00 1.000000e-03)
997           	(0.000000e+00 0.000000e+00 1.000000e-03)
998           	(0.000000e+00 0.000000e+00 1.000000e-03)
999           	(0.000000e+00 0.000000e+00 1.000000e-03)
1000          	(0.000000e+00 0.000000e+00 1.000000e-03)
