# Region type : patch pressure_outlet
# Faces       : 1888
# Area        : 4.314365e-03
# Scale factor: 1.000000e+00
# Time        	areaAverage(U)
1             	(-4.773220e-02 2.522525e-02 1.005302e+00)
2             	(-4.766929e-02 2.579211e-02 1.009055e+00)
3             	(-4.759646e-02 2.618392e-02 1.011296e+00)
4             	(-4.747050e-02 2.641988e-02 1.012054e+00)
5             	(-4.730071e-02 2.652461e-02 1.011632e+00)
6             	(-4.710996e-02 2.655174e-02 1.010396e+00)
7             	(-4.689483e-02 2.651173e-02 1.008666e+00)
8             	(-4.666176e-02 2.641841e-02 1.006754e+00)
9             	(-4.640535e-02 2.626720e-02 1.004877e+00)
10            	(-4.616833e-02 2.609058e-02 1.003188e+00)
11            	(-4.593716e-02 2.591692e-02 1.001768e+00)
12            	(-4.570694e-02 2.574299e-02 1.000616e+00)
13            	(-4.546709e-02 2.557815e-02 9.997426e-01)
14            	(-4.522369e-02 2.541784e-02 9.991327e-01)
15            	(-4.498736e-02 2.525955e-02 9.987651e-01)
16            	(-4.476049e-02 2.509888e-02 9.986083e-01)
17            	(-4.454455e-02 2.493015e-02 9.986314e-01)
18            	(-4.434583e-02 2.475128e-02 9.988028e-01)
19            	(-4.415630e-02 2.456149e-02 9.990784e-01)
20            	(-4.396781e-02 2.435247e-02 9.994159e-01)
21            	(-4.378457e-02 2.412530e-02 9.997800e-01)
22            	(-4.360183e-02 2.387989e-02 1.000135e+00)
23            	(-4.341797e-02 2.361498e-02 1.000451e+00)
24            	(-4.323524e-02 2.332903e-02 1.000708e+00)
25            	(-4.305114e-02 2.302316e-02 1.000888e+00)
26            	(-4.286248e-02 2.269760e-02 1.000977e+00)
27            	(-4.266931e-02 2.235212e-02 1.000978e+00)
28            	(-4.246937e-02 2.199031e-02 1.000902e+00)
29            	(-4.226068e-02 2.161366e-02 1.000768e+00)
30            	(-4.204645e-02 2.122642e-02 1.000599e+00)
31            	(-4.182264e-02 2.083189e-02 1.000413e+00)
32            	(-4.159130e-02 2.043116e-02 1.000233e+00)
33            	(-4.135457e-02 2.002251e-02 1.000075e+00)
34            	(-4.111333e-02 1.960744e-02 9.999563e-01)
35            	(-4.087017e-02 1.918740e-02 9.998844e-01)
36            	(-4.062840e-02 1.876403e-02 9.998640e-01)
37            	(-4.038885e-02 1.833513e-02 9.998906e-01)
38            	(-4.015420e-02 1.790226e-02 9.999592e-01)
39            	(-3.992572e-02 1.746747e-02 1.000057e+00)
40            	(-3.970219e-02 1.703266e-02 1.000167e+00)
41            	(-3.949292e-02 1.659486e-02 1.000280e+00)
42            	(-3.929604e-02 1.615902e-02 1.000387e+00)
43            	(-3.911023e-02 1.571822e-02 1.000471e+00)
44            	(-3.893657e-02 1.528107e-02 1.000531e+00)
45            	(-3.877448e-02 1.484591e-02 1.000560e+00)
46            	(-3.856476e-02 1.444788e-02 1.000555e+00)
47            	(-3.842602e-02 1.402159e-02 1.000521e+00)
48            	(-3.829893e-02 1.360381e-02 1.000462e+00)
49            	(-3.818133e-02 1.319361e-02 1.000384e+00)
50            	(-3.807666e-02 1.279294e-02 1.000294e+00)
51            	(-3.798118e-02 1.240729e-02 1.000202e+00)
52            	(-3.787621e-02 1.203451e-02 1.000117e+00)
53            	(-3.779325e-02 1.167927e-02 1.000048e+00)
54            	(-3.769377e-02 1.135515e-02 1.000001e+00)
55            	(-3.762183e-02 1.103480e-02 9.999797e-01)
56            	(-3.756755e-02 1.072874e-02 9.999813e-01)
57            	(-3.750358e-02 1.044410e-02 1.000003e+00)
58            	(-3.744645e-02 1.017816e-02 1.000037e+00)
59            	(-3.739250e-02 9.932089e-03 1.000080e+00)
60            	(-3.734048e-02 9.706040e-03 1.000126e+00)
61            	(-3.730690e-02 9.549911e-03 1.000170e+00)
62            	(-3.724042e-02 9.387276e-03 1.000213e+00)
63            	(-3.719842e-02 9.226952e-03 1.000253e+00)
64            	(-3.714887e-02 9.079420e-03 1.000284e+00)
65            	(-3.713486e-02 8.952629e-03 1.000306e+00)
66            	(-3.708345e-02 8.852369e-03 1.000325e+00)
67            	(-3.703045e-02 8.772913e-03 1.000330e+00)
68            	(-3.697163e-02 8.716615e-03 1.000324e+00)
69            	(-3.690842e-02 8.684084e-03 1.000307e+00)
70            	(-3.683989e-02 8.675874e-03 1.000281e+00)
71            	(-3.676564e-02 8.691660e-03 1.000249e+00)
72            	(-3.668274e-02 8.732597e-03 1.000214e+00)
73            	(-3.659128e-02 8.800391e-03 1.000174e+00)
74            	(-3.649179e-02 8.893426e-03 1.000135e+00)
75            	(-3.638092e-02 9.010712e-03 1.000098e+00)
76            	(-3.625936e-02 9.152991e-03 1.000067e+00)
77            	(-3.612281e-02 9.317911e-03 1.000040e+00)
78            	(-3.597305e-02 9.510680e-03 1.000022e+00)
79            	(-3.581203e-02 9.754506e-03 1.000011e+00)
80            	(-3.563330e-02 9.993878e-03 1.000012e+00)
81            	(-3.544069e-02 1.026162e-02 1.000017e+00)
82            	(-3.523708e-02 1.055452e-02 1.000020e+00)
83            	(-3.501985e-02 1.088302e-02 1.000026e+00)
84            	(-3.470719e-02 1.130738e-02 1.000034e+00)
85            	(-3.449605e-02 1.171707e-02 1.000044e+00)
86            	(-3.425004e-02 1.212192e-02 1.000057e+00)
87            	(-3.395045e-02 1.258495e-02 1.000072e+00)
88            	(-3.368577e-02 1.304562e-02 1.000090e+00)
89            	(-3.340926e-02 1.353342e-02 1.000104e+00)
90            	(-3.311091e-02 1.410151e-02 1.000115e+00)
91            	(-3.280947e-02 1.464384e-02 1.000123e+00)
92            	(-3.253573e-02 1.521140e-02 1.000126e+00)
93            	(-3.223006e-02 1.579975e-02 1.000128e+00)
94            	(-3.189631e-02 1.640205e-02 1.000123e+00)
95            	(-3.156819e-02 1.716420e-02 1.000113e+00)
96            	(-3.130560e-02 1.784949e-02 1.000102e+00)
97            	(-3.096257e-02 1.860043e-02 1.000089e+00)
98            	(-3.059919e-02 1.927853e-02 1.000079e+00)
99            	(-3.024183e-02 1.998592e-02 1.000068e+00)
100           	(-2.986005e-02 2.069197e-02 1.000058e+00)
101           	(-2.944622e-02 2.139127e-02 1.000049e+00)
102           	(-2.904939e-02 2.211535e-02 1.000039e+00)
103           	(-2.862533e-02 2.283597e-02 1.000031e+00)
104           	(-2.821153e-02 2.357739e-02 1.000023e+00)
105           	(-2.779096e-02 2.432527e-02 1.000019e+00)
106           	(-2.738311e-02 2.503563e-02 1.000014e+00)
107           	(-2.698631e-02 2.582194e-02 1.000012e+00)
108           	(-2.653890e-02 2.656654e-02 1.000007e+00)
109           	(-2.618189e-02 2.737896e-02 1.000003e+00)
110           	(-2.563407e-02 2.819108e-02 9.999904e-01)
111           	(-2.516064e-02 2.900624e-02 9.999870e-01)
112           	(-2.467926e-02 2.975659e-02 9.999808e-01)
113           	(-2.421857e-02 3.045543e-02 9.999841e-01)
114           	(-2.375573e-02 3.114356e-02 9.999793e-01)
115           	(-2.334262e-02 3.183099e-02 9.999788e-01)
116           	(-2.292467e-02 3.248944e-02 9.999734e-01)
117           	(-2.248498e-02 3.309178e-02 9.999725e-01)
118           	(-2.201377e-02 3.371532e-02 9.999684e-01)
119           	(-2.154179e-02 3.432190e-02 9.999676e-01)
120           	(-2.100996e-02 3.494492e-02 9.999626e-01)
121           	(-2.051886e-02 3.554807e-02 9.999619e-01)
122           	(-2.006058e-02 3.609872e-02 9.999644e-01)
123           	(-1.960077e-02 3.662858e-02 9.999700e-01)
124           	(-1.914421e-02 3.713393e-02 9.999695e-01)
125           	(-1.856235e-02 3.767500e-02 9.999706e-01)
126           	(-1.808845e-02 3.817001e-02 9.999731e-01)
127           	(-1.763337e-02 3.859870e-02 9.999723e-01)
128           	(-1.718053e-02 3.900496e-02 9.999700e-01)
129           	(-1.671099e-02 3.933485e-02 9.999656e-01)
130           	(-1.628629e-02 3.972861e-02 9.999628e-01)
131           	(-1.585920e-02 4.006728e-02 9.999543e-01)
132           	(-1.542806e-02 4.044573e-02 9.999491e-01)
133           	(-1.508694e-02 4.082546e-02 9.999401e-01)
134           	(-1.467279e-02 4.100409e-02 9.999309e-01)
135           	(-1.433802e-02 4.122173e-02 9.999263e-01)
136           	(-1.381150e-02 4.127689e-02 9.999230e-01)
137           	(-1.330444e-02 4.135460e-02 9.999222e-01)
138           	(-1.288676e-02 4.146204e-02 9.999258e-01)
139           	(-1.256412e-02 4.158085e-02 9.999296e-01)
140           	(-1.219987e-02 4.162256e-02 9.999329e-01)
141           	(-1.194205e-02 4.169841e-02 9.999414e-01)
142           	(-1.149954e-02 4.180128e-02 9.999525e-01)
143           	(-1.111411e-02 4.182172e-02 9.999609e-01)
144           	(-1.073389e-02 4.169082e-02 9.999651e-01)
145           	(-1.039274e-02 4.160095e-02 9.999710e-01)
146           	(-1.007081e-02 4.155549e-02 9.999689e-01)
147           	(-9.741148e-03 4.146955e-02 9.999661e-01)
148           	(-9.413352e-03 4.138228e-02 9.999549e-01)
149           	(-9.012865e-03 4.136425e-02 9.999363e-01)
150           	(-8.717157e-03 4.115732e-02 9.999100e-01)
151           	(-8.442773e-03 4.089642e-02 9.998877e-01)
152           	(-8.210820e-03 4.063167e-02 9.998663e-01)
153           	(-7.888374e-03 4.028908e-02 9.998531e-01)
154           	(-7.615231e-03 4.004044e-02 9.998497e-01)
155           	(-6.973307e-03 3.978778e-02 9.998472e-01)
156           	(-6.641809e-03 3.952350e-02 9.998491e-01)
157           	(-6.134789e-03 3.908381e-02 9.998611e-01)
158           	(-5.749234e-03 3.855057e-02 9.998825e-01)
159           	(-5.555330e-03 3.818299e-02 9.999011e-01)
160           	(-5.317679e-03 3.775169e-02 9.999209e-01)
161           	(-5.137238e-03 3.722113e-02 9.999395e-01)
162           	(-4.896821e-03 3.655477e-02 9.999544e-01)
163           	(-4.751933e-03 3.607887e-02 9.999678e-01)
164           	(-4.224177e-03 3.526722e-02 9.999778e-01)
165           	(-3.843053e-03 3.463880e-02 9.999878e-01)
166           	(-3.594132e-03 3.398877e-02 9.999900e-01)
167           	(-3.391872e-03 3.325059e-02 9.999839e-01)
168           	(-3.228676e-03 3.254502e-02 9.999675e-01)
169           	(-2.940354e-03 3.151234e-02 9.999432e-01)
170           	(-2.875968e-03 3.082895e-02 9.999115e-01)
171           	(-2.745661e-03 3.004190e-02 9.998823e-01)
172           	(-2.427905e-03 2.928722e-02 9.998626e-01)
173           	(-2.308260e-03 2.850591e-02 9.998517e-01)
174           	(-2.248491e-03 2.779562e-02 9.998501e-01)
175           	(-2.046055e-03 2.694278e-02 9.998625e-01)
176           	(-1.792680e-03 2.599298e-02 9.998787e-01)
177           	(-1.613607e-03 2.519554e-02 9.999007e-01)
178           	(-1.462405e-03 2.428272e-02 9.999210e-01)
179           	(-1.410925e-03 2.362620e-02 9.999374e-01)
180           	(-1.323781e-03 2.275213e-02 9.999474e-01)
181           	(-1.233732e-03 2.190436e-02 9.999517e-01)
182           	(-1.010933e-03 2.108006e-02 9.999494e-01)
183           	(-7.434429e-04 2.022758e-02 9.999409e-01)
184           	(-5.985594e-04 1.936854e-02 9.999259e-01)
185           	(-6.027653e-04 1.846910e-02 9.999145e-01)
186           	(-5.395194e-04 1.759919e-02 9.999035e-01)
187           	(-5.719233e-04 1.663677e-02 9.998953e-01)
188           	(-5.098027e-04 1.576549e-02 9.998925e-01)
189           	(-3.837560e-04 1.497804e-02 9.998924e-01)
190           	(-3.141767e-04 1.407071e-02 9.998936e-01)
191           	(-2.399609e-04 1.322270e-02 9.998971e-01)
192           	(-1.243177e-04 1.235595e-02 9.999020e-01)
193           	(-1.193882e-04 1.164441e-02 9.999260e-01)
194           	(7.164370e-05 1.077335e-02 9.999526e-01)
195           	(2.618141e-04 9.922050e-03 9.999792e-01)
196           	(4.575775e-04 9.026522e-03 9.999995e-01)
197           	(6.006098e-04 8.276007e-03 1.000013e+00)
198           	(6.641353e-04 7.527097e-03 1.000022e+00)
199           	(7.824206e-04 6.684740e-03 1.000025e+00)
200           	(7.716332e-04 5.548285e-03 1.000016e+00)
201           	(8.824176e-04 4.658185e-03 1.000004e+00)
202           	(8.854225e-04 3.864532e-03 9.999880e-01)
203           	(8.930258e-04 3.089366e-03 9.999701e-01)
204           	(9.330506e-04 2.310667e-03 9.999488e-01)
205           	(9.625175e-04 1.556702e-03 9.999292e-01)
206           	(9.297794e-04 7.535483e-04 9.999105e-01)
207           	(1.042793e-03 -1.229876e-04 9.998945e-01)
208           	(8.524640e-04 -8.719348e-04 9.998855e-01)
209           	(7.145424e-04 -1.368909e-03 9.998827e-01)
210           	(3.769412e-04 -2.087483e-03 9.998872e-01)
211           	(8.634046e-04 -2.683036e-03 9.998955e-01)
212           	(9.077568e-04 -3.323112e-03 9.999046e-01)
213           	(8.747687e-04 -3.950344e-03 9.999185e-01)
214           	(8.377111e-04 -4.590960e-03 9.999323e-01)
215           	(8.119907e-04 -5.234890e-03 9.999441e-01)
216           	(7.215229e-04 -5.873690e-03 9.999487e-01)
217           	(7.012207e-04 -6.444396e-03 9.999460e-01)
218           	(6.680780e-04 -6.999913e-03 9.999374e-01)
219           	(5.970357e-04 -7.560857e-03 9.999204e-01)
220           	(7.778707e-04 -8.269087e-03 9.999025e-01)
221           	(7.939358e-04 -8.735272e-03 9.998866e-01)
222           	(1.006862e-03 -9.402678e-03 9.998649e-01)
223           	(8.819022e-04 -9.787134e-03 9.998501e-01)
224           	(8.519006e-04 -1.002211e-02 9.998516e-01)
225           	(7.839922e-04 -1.046893e-02 9.998555e-01)
226           	(5.936502e-04 -1.096679e-02 9.998576e-01)
227           	(6.047556e-04 -1.144579e-02 9.998636e-01)
228           	(5.219628e-04 -1.183532e-02 9.998718e-01)
229           	(5.456799e-04 -1.224055e-02 9.998742e-01)
230           	(4.704914e-04 -1.258755e-02 9.998732e-01)
231           	(7.121772e-04 -1.293347e-02 9.998823e-01)
232           	(6.457410e-04 -1.345604e-02 9.999001e-01)
233           	(5.359808e-04 -1.390346e-02 9.999195e-01)
234           	(4.595498e-04 -1.410966e-02 9.999367e-01)
235           	(5.289767e-04 -1.441791e-02 9.999622e-01)
236           	(1.439191e-04 -1.465278e-02 9.999807e-01)
237           	(4.673604e-05 -1.493598e-02 9.999927e-01)
238           	(2.048342e-04 -1.534210e-02 9.999982e-01)
239           	(5.350470e-05 -1.560012e-02 1.000005e+00)
240           	(-9.327623e-05 -1.583432e-02 1.000005e+00)
241           	(-1.701846e-04 -1.600927e-02 9.999987e-01)
242           	(-1.681926e-04 -1.609155e-02 9.999898e-01)
243           	(-3.358009e-04 -1.630561e-02 9.999811e-01)
244           	(-1.767182e-04 -1.640071e-02 9.999721e-01)
245           	(-3.311450e-04 -1.657182e-02 9.999582e-01)
246           	(-4.851525e-04 -1.672644e-02 9.999427e-01)
247           	(-6.407065e-04 -1.686520e-02 9.999275e-01)
248           	(-6.797784e-04 -1.700981e-02 9.999151e-01)
249           	(-8.750107e-04 -1.714611e-02 9.999079e-01)
250           	(-9.412491e-04 -1.714414e-02 9.999027e-01)
251           	(-1.107653e-03 -1.720940e-02 9.999002e-01)
252           	(-1.417252e-03 -1.725288e-02 9.998988e-01)
253           	(-1.636158e-03 -1.732160e-02 9.998980e-01)
254           	(-1.653608e-03 -1.737995e-02 9.998963e-01)
255           	(-1.800772e-03 -1.738002e-02 9.998945e-01)
256           	(-1.902709e-03 -1.738752e-02 9.998907e-01)
257           	(-1.901685e-03 -1.739453e-02 9.998897e-01)
258           	(-2.140938e-03 -1.734241e-02 9.998922e-01)
259           	(-2.286878e-03 -1.732370e-02 9.998916e-01)
260           	(-2.495801e-03 -1.738121e-02 9.998905e-01)
261           	(-2.639453e-03 -1.734750e-02 9.998957e-01)
262           	(-2.860904e-03 -1.730531e-02 9.999000e-01)
263           	(-2.969807e-03 -1.727003e-02 9.999099e-01)
264           	(-3.147175e-03 -1.712850e-02 9.999223e-01)
265           	(-3.226841e-03 -1.705278e-02 9.999356e-01)
266           	(-3.356092e-03 -1.697669e-02 9.999517e-01)
267           	(-3.379653e-03 -1.709012e-02 9.999556e-01)
268           	(-3.701282e-03 -1.703195e-02 9.999495e-01)
269           	(-3.790510e-03 -1.693109e-02 9.999402e-01)
270           	(-3.893140e-03 -1.680964e-02 9.999251e-01)
271           	(-3.981173e-03 -1.672536e-02 9.999068e-01)
272           	(-4.086113e-03 -1.664007e-02 9.998862e-01)
273           	(-4.122670e-03 -1.673525e-02 9.998682e-01)
274           	(-4.231664e-03 -1.657436e-02 9.998586e-01)
275           	(-4.204091e-03 -1.636569e-02 9.998506e-01)
276           	(-4.433149e-03 -1.613816e-02 9.998489e-01)
277           	(-4.473654e-03 -1.596611e-02 9.998531e-01)
278           	(-4.698328e-03 -1.589517e-02 9.998590e-01)
279           	(-4.756705e-03 -1.572110e-02 9.998686e-01)
280           	(-4.774268e-03 -1.554715e-02 9.998822e-01)
281           	(-4.784341e-03 -1.534495e-02 9.998965e-01)
282           	(-4.817291e-03 -1.510002e-02 9.999084e-01)
283           	(-4.810131e-03 -1.487282e-02 9.999207e-01)
284           	(-4.831456e-03 -1.486284e-02 9.999258e-01)
285           	(-4.834085e-03 -1.462962e-02 9.999361e-01)
286           	(-4.813184e-03 -1.439606e-02 9.999463e-01)
287           	(-4.787595e-03 -1.413498e-02 9.999468e-01)
288           	(-4.705507e-03 -1.382449e-02 9.999408e-01)
289           	(-4.606098e-03 -1.352656e-02 9.999328e-01)
290           	(-4.328361e-03 -1.323840e-02 9.999233e-01)
291           	(-4.367639e-03 -1.293825e-02 9.999212e-01)
292           	(-4.388801e-03 -1.261430e-02 9.999156e-01)
293           	(-4.328922e-03 -1.229021e-02 9.999186e-01)
294           	(-4.282631e-03 -1.193449e-02 9.999192e-01)
295           	(-4.184783e-03 -1.158905e-02 9.999243e-01)
296           	(-4.226712e-03 -1.133186e-02 9.999298e-01)
297           	(-4.127881e-03 -1.093206e-02 9.999415e-01)
298           	(-4.061074e-03 -1.052847e-02 9.999522e-01)
299           	(-4.030078e-03 -1.023872e-02 9.999597e-01)
300           	(-3.999126e-03 -9.872436e-03 9.999642e-01)
301           	(-3.900853e-03 -9.487462e-03 9.999780e-01)
302           	(-3.785492e-03 -9.095934e-03 9.999842e-01)
303           	(-3.759724e-03 -8.645902e-03 9.999836e-01)
304           	(-3.665523e-03 -8.329269e-03 9.999826e-01)
305           	(-3.569857e-03 -7.888858e-03 9.999795e-01)
306           	(-3.468095e-03 -7.510917e-03 9.999748e-01)
307           	(-3.274645e-03 -7.084886e-03 9.999756e-01)
308           	(-3.127110e-03 -6.653489e-03 9.999755e-01)
309           	(-2.978132e-03 -6.215739e-03 9.999764e-01)
310           	(-2.885409e-03 -5.785647e-03 9.999742e-01)
311           	(-2.661700e-03 -5.056051e-03 9.999701e-01)
312           	(-2.504683e-03 -4.616835e-03 9.999727e-01)
313           	(-2.376384e-03 -4.206040e-03 9.999721e-01)
314           	(-2.063680e-03 -3.761617e-03 9.999699e-01)
315           	(-1.887956e-03 -3.316316e-03 9.999675e-01)
316           	(-1.673120e-03 -2.865565e-03 9.999657e-01)
317           	(-1.500575e-03 -2.424380e-03 9.999630e-01)
318           	(-1.322455e-03 -2.143652e-03 9.999584e-01)
319           	(-1.074093e-03 -1.773276e-03 9.999537e-01)
320           	(-9.237812e-04 -1.356967e-03 9.999503e-01)
321           	(-7.000250e-04 -8.596790e-04 9.999463e-01)
322           	(-5.153941e-04 -4.174857e-04 9.999433e-01)
323           	(-3.795008e-04 2.542461e-05 9.999408e-01)
324           	(-1.942698e-04 4.621502e-04 9.999436e-01)
325           	(6.575885e-05 8.022091e-04 9.999494e-01)
326           	(2.549357e-04 1.238233e-03 9.999584e-01)
327           	(4.356432e-04 1.665145e-03 9.999663e-01)
328           	(6.583145e-04 2.089778e-03 9.999741e-01)
329           	(8.560515e-04 2.352571e-03 9.999778e-01)
330           	(1.075050e-03 2.783739e-03 9.999792e-01)
331           	(1.216091e-03 3.254508e-03 9.999754e-01)
332           	(1.366928e-03 3.716145e-03 9.999739e-01)
333           	(1.566294e-03 4.052538e-03 9.999724e-01)
334           	(1.770542e-03 4.476382e-03 9.999703e-01)
335           	(1.849496e-03 4.895870e-03 9.999672e-01)
336           	(2.045590e-03 5.339725e-03 9.999678e-01)
337           	(2.202091e-03 5.738510e-03 9.999723e-01)
338           	(2.417719e-03 6.213883e-03 9.999745e-01)
339           	(2.536180e-03 6.686331e-03 9.999767e-01)
340           	(2.690792e-03 7.065951e-03 9.999773e-01)
341           	(2.815369e-03 7.603357e-03 9.999749e-01)
342           	(2.966552e-03 7.914481e-03 9.999712e-01)
343           	(3.077309e-03 8.250776e-03 9.999642e-01)
344           	(3.232863e-03 8.594811e-03 9.999553e-01)
345           	(3.199353e-03 8.983836e-03 9.999459e-01)
346           	(3.434989e-03 9.302560e-03 9.999366e-01)
347           	(3.492329e-03 9.729702e-03 9.999267e-01)
348           	(3.623133e-03 1.002448e-02 9.999202e-01)
349           	(3.765914e-03 1.033307e-02 9.999143e-01)
350           	(3.957346e-03 1.063055e-02 9.999099e-01)
351           	(4.067146e-03 1.088781e-02 9.999067e-01)
352           	(4.199734e-03 1.120959e-02 9.999082e-01)
353           	(4.364797e-03 1.152956e-02 9.999098e-01)
354           	(4.407269e-03 1.178334e-02 9.999129e-01)
355           	(4.543762e-03 1.202084e-02 9.999165e-01)
356           	(4.679259e-03 1.228035e-02 9.999194e-01)
357           	(4.843009e-03 1.255210e-02 9.999255e-01)
358           	(4.916029e-03 1.276700e-02 9.999307e-01)
359           	(5.014102e-03 1.299412e-02 9.999408e-01)
360           	(5.064037e-03 1.318250e-02 9.999461e-01)
361           	(5.118222e-03 1.327840e-02 9.999491e-01)
362           	(5.207275e-03 1.349351e-02 9.999534e-01)
363           	(5.384785e-03 1.363236e-02 9.999535e-01)
364           	(5.377429e-03 1.383194e-02 9.999503e-01)
365           	(5.477713e-03 1.402051e-02 9.999469e-01)
366           	(5.450783e-03 1.406249e-02 9.999457e-01)
367           	(5.526370e-03 1.424956e-02 9.999412e-01)
368           	(5.616588e-03 1.441660e-02 9.999368e-01)
369           	(5.675113e-03 1.466281e-02 9.999315e-01)
370           	(5.689905e-03 1.475699e-02 9.999311e-01)
371           	(5.751014e-03 1.492678e-02 9.999346e-01)
372           	(5.808323e-03 1.509069e-02 9.999379e-01)
373           	(5.863298e-03 1.524845e-02 9.999389e-01)
374           	(5.926366e-03 1.543435e-02 9.999391e-01)
375           	(5.976949e-03 1.558370e-02 9.999396e-01)
376           	(5.975996e-03 1.549492e-02 9.999408e-01)
377           	(6.016333e-03 1.562960e-02 9.999460e-01)
378           	(6.051383e-03 1.576860e-02 9.999493e-01)
379           	(6.078887e-03 1.594384e-02 9.999516e-01)
380           	(6.018023e-03 1.607451e-02 9.999522e-01)
381           	(6.070943e-03 1.613708e-02 9.999555e-01)
382           	(6.067804e-03 1.639052e-02 9.999565e-01)
383           	(5.960122e-03 1.647190e-02 9.999566e-01)
384           	(5.986242e-03 1.671324e-02 9.999585e-01)
385           	(6.049315e-03 1.674839e-02 9.999599e-01)
386           	(6.164623e-03 1.686715e-02 9.999592e-01)
387           	(6.145384e-03 1.689755e-02 9.999572e-01)
388           	(6.220182e-03 1.693467e-02 9.999561e-01)
389           	(6.246433e-03 1.686924e-02 9.999536e-01)
390           	(6.354292e-03 1.698005e-02 9.999519e-01)
391           	(6.342819e-03 1.706261e-02 9.999517e-01)
392           	(6.412198e-03 1.722065e-02 9.999528e-01)
393           	(6.487059e-03 1.737362e-02 9.999542e-01)
394           	(6.585176e-03 1.740399e-02 9.999530e-01)
395           	(6.610117e-03 1.748468e-02 9.999513e-01)
396           	(6.656225e-03 1.756815e-02 9.999493e-01)
397           	(6.695126e-03 1.754534e-02 9.999459e-01)
398           	(6.704198e-03 1.762869e-02 9.999432e-01)
399           	(6.697362e-03 1.770783e-02 9.999402e-01)
400           	(6.606512e-03 1.772307e-02 9.999380e-01)
401           	(6.625710e-03 1.790912e-02 9.999371e-01)
402           	(6.658769e-03 1.799127e-02 9.999370e-01)
403           	(6.672413e-03 1.794960e-02 9.999389e-01)
404           	(6.677687e-03 1.795474e-02 9.999507e-01)
405           	(6.700660e-03 1.798739e-02 9.999652e-01)
406           	(6.770325e-03 1.793851e-02 9.999808e-01)
407           	(6.794161e-03 1.801908e-02 9.999921e-01)
408           	(6.822564e-03 1.805155e-02 1.000003e+00)
409           	(6.866159e-03 1.812603e-02 1.000011e+00)
410           	(6.888014e-03 1.828264e-02 1.000015e+00)
411           	(6.996026e-03 1.847051e-02 1.000016e+00)
412           	(7.089420e-03 1.862333e-02 1.000017e+00)
413           	(7.138696e-03 1.880792e-02 1.000012e+00)
414           	(7.197120e-03 1.888184e-02 1.000010e+00)
415           	(7.247182e-03 1.901210e-02 1.000007e+00)
416           	(7.315658e-03 1.910528e-02 1.000007e+00)
417           	(7.387892e-03 1.918720e-02 1.000005e+00)
418           	(7.481557e-03 1.922777e-02 1.000002e+00)
419           	(7.558260e-03 1.930792e-02 9.999986e-01)
420           	(7.628283e-03 1.939088e-02 9.999956e-01)
421           	(7.579204e-03 1.954291e-02 9.999928e-01)
422           	(7.615310e-03 1.963660e-02 9.999945e-01)
423           	(7.733444e-03 1.981083e-02 9.999980e-01)
424           	(7.819285e-03 1.990103e-02 1.000000e+00)
425           	(7.909609e-03 1.999301e-02 1.000002e+00)
426           	(7.981812e-03 2.008171e-02 1.000006e+00)
427           	(8.092939e-03 2.017461e-02 1.000010e+00)
428           	(8.254944e-03 2.033607e-02 1.000016e+00)
429           	(8.374308e-03 2.047246e-02 1.000032e+00)
430           	(8.498694e-03 2.057996e-02 1.000043e+00)
431           	(8.564637e-03 2.069765e-02 1.000053e+00)
432           	(8.707053e-03 2.091614e-02 1.000057e+00)
433           	(8.872815e-03 2.101607e-02 1.000054e+00)
434           	(8.951061e-03 2.114130e-02 1.000046e+00)
435           	(8.840855e-03 2.115546e-02 1.000036e+00)
436           	(8.918473e-03 2.126212e-02 1.000032e+00)
437           	(9.047321e-03 2.138214e-02 1.000029e+00)
438           	(9.195652e-03 2.156349e-02 1.000027e+00)
439           	(9.327288e-03 2.166730e-02 1.000028e+00)
440           	(9.462548e-03 2.179153e-02 1.000030e+00)
441           	(9.590939e-03 2.198335e-02 1.000031e+00)
442           	(9.613216e-03 2.209568e-02 1.000031e+00)
443           	(9.809983e-03 2.218601e-02 1.000032e+00)
444           	(9.953311e-03 2.230770e-02 1.000035e+00)
445           	(1.009512e-02 2.244003e-02 1.000038e+00)
446           	(1.024446e-02 2.254707e-02 1.000040e+00)
447           	(1.043165e-02 2.262456e-02 1.000042e+00)
448           	(1.058298e-02 2.274264e-02 1.000042e+00)
449           	(1.073492e-02 2.285906e-02 1.000041e+00)
450           	(1.072609e-02 2.294187e-02 1.000037e+00)
451           	(1.089819e-02 2.308712e-02 1.000035e+00)
452           	(1.105838e-02 2.321533e-02 1.000033e+00)
453           	(1.118479e-02 2.325469e-02 1.000032e+00)
454           	(1.130584e-02 2.336164e-02 1.000027e+00)
455           	(1.154284e-02 2.342753e-02 1.000026e+00)
456           	(1.168432e-02 2.352611e-02 1.000024e+00)
457           	(1.177904e-02 2.370669e-02 1.000028e+00)
458           	(1.196313e-02 2.376550e-02 1.000030e+00)
459           	(1.202983e-02 2.380783e-02 1.000034e+00)
460           	(1.217777e-02 2.396714e-02 1.000040e+00)
461           	(1.225068e-02 2.404538e-02 1.000047e+00)
462           	(1.240470e-02 2.417374e-02 1.000052e+00)
463           	(1.253441e-02 2.436209e-02 1.000053e+00)
464           	(1.269873e-02 2.446420e-02 1.000056e+00)
465           	(1.284181e-02 2.463637e-02 1.000058e+00)
466           	(1.293247e-02 2.484653e-02 1.000056e+00)
467           	(1.315809e-02 2.493791e-02 1.000056e+00)
468           	(1.324847e-02 2.514602e-02 1.000052e+00)
469           	(1.332400e-02 2.522477e-02 1.000049e+00)
470           	(1.344163e-02 2.535416e-02 1.000047e+00)
471           	(1.357624e-02 2.548111e-02 1.000047e+00)
472           	(1.370918e-02 2.560940e-02 1.000046e+00)
473           	(1.383933e-02 2.573669e-02 1.000046e+00)
474           	(1.393698e-02 2.571263e-02 1.000047e+00)
475           	(1.408159e-02 2.579133e-02 1.000055e+00)
476           	(1.423307e-02 2.583967e-02 1.000059e+00)
477           	(1.437225e-02 2.606651e-02 1.000061e+00)
478           	(1.449222e-02 2.619222e-02 1.000062e+00)
479           	(1.457961e-02 2.610551e-02 1.000058e+00)
480           	(1.469759e-02 2.623093e-02 1.000055e+00)
481           	(1.481425e-02 2.635729e-02 1.000051e+00)
482           	(1.492986e-02 2.648590e-02 1.000044e+00)
483           	(1.512746e-02 2.676709e-02 1.000036e+00)
484           	(1.505063e-02 2.681395e-02 1.000028e+00)
485           	(1.512403e-02 2.681438e-02 1.000020e+00)
486           	(1.523747e-02 2.694339e-02 1.000012e+00)
487           	(1.536577e-02 2.718550e-02 1.000006e+00)
488           	(1.547577e-02 2.726970e-02 1.000001e+00)
489           	(1.556933e-02 2.728138e-02 9.999998e-01)
490           	(1.566981e-02 2.739989e-02 1.000001e+00)
491           	(1.580990e-02 2.762392e-02 1.000003e+00)
492           	(1.593628e-02 2.778323e-02 1.000008e+00)
493           	(1.599913e-02 2.779262e-02 1.000014e+00)
494           	(1.611379e-02 2.792311e-02 1.000019e+00)
495           	(1.619804e-02 2.817438e-02 1.000023e+00)
496           	(1.632268e-02 2.831687e-02 1.000025e+00)
497           	(1.639860e-02 2.832513e-02 1.000025e+00)
498           	(1.647227e-02 2.845382e-02 1.000026e+00)
499           	(1.655985e-02 2.858418e-02 1.000024e+00)
500           	(1.669260e-02 2.883918e-02 1.000021e+00)
501           	(1.677745e-02 2.897311e-02 1.000017e+00)
502           	(1.684529e-02 2.894635e-02 1.000013e+00)
503           	(1.692881e-02 2.907797e-02 1.000009e+00)
504           	(1.702366e-02 2.926612e-02 1.000007e+00)
505           	(1.708989e-02 2.923504e-02 1.000006e+00)
506           	(1.717641e-02 2.937573e-02 1.000005e+00)
507           	(1.714521e-02 2.960030e-02 1.000004e+00)
508           	(1.718328e-02 2.961939e-02 1.000004e+00)
509           	(1.725010e-02 3.000636e-02 1.000004e+00)
510           	(1.727737e-02 3.000332e-02 1.000004e+00)
511           	(1.737096e-02 3.027079e-02 1.000003e+00)
512           	(1.741292e-02 3.027316e-02 9.999996e-01)
513           	(1.745627e-02 3.052938e-02 9.999960e-01)
514           	(1.750886e-02 3.053406e-02 9.999944e-01)
515           	(1.759381e-02 3.077189e-02 9.999944e-01)
516           	(1.760088e-02 3.075074e-02 9.999940e-01)
517           	(1.767805e-02 3.100260e-02 9.999928e-01)
518           	(1.775805e-02 3.113769e-02 9.999907e-01)
519           	(1.778837e-02 3.112809e-02 9.999888e-01)
520           	(1.783794e-02 3.124783e-02 9.999869e-01)
521           	(1.790621e-02 3.149592e-02 9.999845e-01)
522           	(1.802899e-02 3.152848e-02 9.999819e-01)
523           	(1.806969e-02 3.153989e-02 9.999809e-01)
524           	(1.811023e-02 3.165150e-02 9.999785e-01)
525           	(1.816265e-02 3.194697e-02 9.999755e-01)
526           	(1.829577e-02 3.207995e-02 9.999726e-01)
527           	(1.831710e-02 3.205929e-02 9.999696e-01)
528           	(1.837890e-02 3.230319e-02 9.999670e-01)
529           	(1.842069e-02 3.226499e-02 9.999650e-01)
530           	(1.848361e-02 3.250757e-02 9.999647e-01)
531           	(1.852652e-02 3.261791e-02 9.999653e-01)
532           	(1.852873e-02 3.272307e-02 9.999652e-01)
533           	(1.858761e-02 3.263157e-02 9.999667e-01)
534           	(1.865004e-02 3.287039e-02 9.999679e-01)
535           	(1.867565e-02 3.298836e-02 9.999687e-01)
536           	(1.875757e-02 3.301220e-02 9.999691e-01)
537           	(1.880696e-02 3.314886e-02 9.999689e-01)
538           	(1.856476e-02 3.320316e-02 9.999669e-01)
539           	(1.859980e-02 3.314433e-02 9.999661e-01)
540           	(1.866367e-02 3.337826e-02 9.999639e-01)
541           	(1.869093e-02 3.354180e-02 9.999617e-01)
542           	(1.872587e-02 3.356294e-02 9.999606e-01)
543           	(1.877704e-02 3.364165e-02 9.999598e-01)
544           	(1.880172e-02 3.373190e-02 9.999593e-01)
545           	(1.885067e-02 3.380199e-02 9.999591e-01)
546           	(1.887308e-02 3.388363e-02 9.999590e-01)
547           	(1.892073e-02 3.394442e-02 9.999588e-01)
548           	(1.895085e-02 3.401691e-02 9.999581e-01)
549           	(1.892286e-02 3.406182e-02 9.999571e-01)
550           	(1.892938e-02 3.420192e-02 9.999608e-01)
551           	(1.898088e-02 3.426013e-02 9.999650e-01)
552           	(1.901586e-02 3.430559e-02 9.999682e-01)
553           	(1.904029e-02 3.434526e-02 9.999714e-01)
554           	(1.907624e-02 3.437618e-02 9.999731e-01)
555           	(1.913981e-02 3.443550e-02 9.999770e-01)
556           	(1.916756e-02 3.452331e-02 9.999792e-01)
557           	(1.919776e-02 3.454485e-02 9.999808e-01)
558           	(1.922247e-02 3.458103e-02 9.999797e-01)
559           	(1.927117e-02 3.459630e-02 9.999775e-01)
560           	(1.930974e-02 3.461531e-02 9.999729e-01)
561           	(1.934490e-02 3.463394e-02 9.999688e-01)
562           	(1.938135e-02 3.464721e-02 9.999629e-01)
563           	(1.941739e-02 3.465741e-02 9.999593e-01)
564           	(1.944070e-02 3.467407e-02 9.999544e-01)
565           	(1.947275e-02 3.466231e-02 9.999508e-01)
566           	(1.950774e-02 3.465842e-02 9.999505e-01)
567           	(1.957279e-02 3.461646e-02 9.999524e-01)
568           	(1.960176e-02 3.462362e-02 9.999524e-01)
569           	(1.962627e-02 3.463105e-02 9.999546e-01)
570           	(1.965896e-02 3.461996e-02 9.999534e-01)
571           	(1.978963e-02 3.458716e-02 9.999549e-01)
572           	(1.981135e-02 3.457859e-02 9.999543e-01)
573           	(1.984218e-02 3.455852e-02 9.999585e-01)
574           	(1.987439e-02 3.453440e-02 9.999578e-01)
575           	(1.990790e-02 3.450847e-02 9.999599e-01)
576           	(1.996402e-02 3.452964e-02 9.999572e-01)
577           	(2.000645e-02 3.451717e-02 9.999578e-01)
578           	(2.012277e-02 3.442627e-02 9.999537e-01)
579           	(2.016244e-02 3.440004e-02 9.999563e-01)
580           	(1.983857e-02 3.459791e-02 9.999529e-01)
581           	(1.997865e-02 3.443438e-02 9.999560e-01)
582           	(1.992816e-02 3.453478e-02 9.999510e-01)
583           	(1.997715e-02 3.449779e-02 9.999516e-01)
584           	(2.006329e-02 3.453330e-02 9.999468e-01)
585           	(2.011296e-02 3.449850e-02 9.999466e-01)
586           	(2.017040e-02 3.448108e-02 9.999413e-01)
587           	(2.021871e-02 3.444212e-02 9.999411e-01)
588           	(2.004480e-02 3.437770e-02 9.999356e-01)
589           	(2.011833e-02 3.432264e-02 9.999418e-01)
590           	(2.014855e-02 3.428276e-02 9.999446e-01)
591           	(2.008198e-02 3.415419e-02 9.999505e-01)
592           	(2.011908e-02 3.411439e-02 9.999533e-01)
593           	(2.020309e-02 3.408535e-02 9.999591e-01)
594           	(2.025734e-02 3.403640e-02 9.999592e-01)
595           	(2.029728e-02 3.399329e-02 9.999618e-01)
596           	(2.036592e-02 3.393352e-02 9.999591e-01)
597           	(2.040125e-02 3.388510e-02 9.999595e-01)
598           	(2.048318e-02 3.383117e-02 9.999559e-01)
599           	(2.054604e-02 3.380713e-02 9.999559e-01)
600           	(2.052436e-02 3.372752e-02 9.999516e-01)
601           	(2.053123e-02 3.365905e-02 9.999509e-01)
602           	(2.065680e-02 3.360827e-02 9.999465e-01)
603           	(2.071248e-02 3.354673e-02 9.999454e-01)
604           	(2.082242e-02 3.346548e-02 9.999399e-01)
605           	(2.087743e-02 3.340299e-02 9.999380e-01)
606           	(2.089637e-02 3.339510e-02 9.999331e-01)
607           	(2.095036e-02 3.333558e-02 9.999320e-01)
608           	(2.099942e-02 3.324566e-02 9.999286e-01)
609           	(2.105660e-02 3.318550e-02 9.999310e-01)
610           	(2.126899e-02 3.303425e-02 9.999296e-01)
611           	(2.117703e-02 3.297597e-02 9.999309e-01)
612           	(2.123321e-02 3.292894e-02 9.999314e-01)
613           	(2.127720e-02 3.286499e-02 9.999341e-01)
614           	(2.134230e-02 3.281229e-02 9.999329e-01)
615           	(2.139042e-02 3.274408e-02 9.999335e-01)
616           	(2.142737e-02 3.268891e-02 9.999311e-01)
617           	(2.150988e-02 3.263956e-02 9.999351e-01)
618           	(2.156253e-02 3.258130e-02 9.999346e-01)
619           	(2.153768e-02 3.245656e-02 9.999350e-01)
620           	(2.161304e-02 3.242723e-02 9.999336e-01)
621           	(2.166405e-02 3.237236e-02 9.999343e-01)
622           	(2.171140e-02 3.231816e-02 9.999318e-01)
623           	(2.170570e-02 3.228060e-02 9.999322e-01)
624           	(2.172618e-02 3.225655e-02 9.999319e-01)
625           	(2.176673e-02 3.220231e-02 9.999343e-01)
626           	(2.180651e-02 3.214913e-02 9.999328e-01)
627           	(2.186062e-02 3.208631e-02 9.999329e-01)
628           	(2.190100e-02 3.203281e-02 9.999300e-01)
629           	(2.194049e-02 3.197806e-02 9.999291e-01)
630           	(2.205881e-02 3.183247e-02 9.999262e-01)
631           	(2.211624e-02 3.178010e-02 9.999284e-01)
632           	(2.213784e-02 3.172131e-02 9.999275e-01)
633           	(2.219676e-02 3.164582e-02 9.999296e-01)
634           	(2.225225e-02 3.152246e-02 9.999292e-01)
635           	(2.229397e-02 3.155619e-02 9.999325e-01)
636           	(2.231558e-02 3.149698e-02 9.999332e-01)
637           	(2.236452e-02 3.144593e-02 9.999365e-01)
638           	(2.237892e-02 3.138944e-02 9.999360e-01)
639           	(2.245982e-02 3.133990e-02 9.999388e-01)
640           	(2.247788e-02 3.128999e-02 9.999384e-01)
641           	(2.251871e-02 3.123144e-02 9.999423e-01)
642           	(2.253924e-02 3.118884e-02 9.999416e-01)
643           	(2.256001e-02 3.113275e-02 9.999429e-01)
644           	(2.258143e-02 3.108580e-02 9.999398e-01)
645           	(2.258880e-02 3.107824e-02 9.999421e-01)
646           	(2.272518e-02 3.095705e-02 9.999425e-01)
647           	(2.272590e-02 3.089219e-02 9.999507e-01)
648           	(2.275094e-02 3.085475e-02 9.999530e-01)
649           	(2.271690e-02 3.058632e-02 9.999592e-01)
650           	(2.274231e-02 3.055144e-02 9.999592e-01)
651           	(2.276740e-02 3.045995e-02 9.999629e-01)
652           	(2.271555e-02 3.042824e-02 9.999612e-01)
653           	(2.272772e-02 3.039470e-02 9.999653e-01)
654           	(2.273722e-02 3.035503e-02 9.999645e-01)
655           	(2.274577e-02 3.032204e-02 9.999727e-01)
656           	(2.275291e-02 3.028962e-02 9.999742e-01)
657           	(2.278598e-02 3.022036e-02 9.999834e-01)
658           	(2.279345e-02 3.023090e-02 9.999863e-01)
659           	(2.279422e-02 3.018715e-02 9.999980e-01)
660           	(2.280087e-02 3.015909e-02 1.000004e+00)
661           	(2.279919e-02 3.013175e-02 1.000019e+00)
662           	(2.280691e-02 3.007336e-02 1.000023e+00)
663           	(2.290516e-02 3.000293e-02 1.000029e+00)
664           	(2.290889e-02 2.998327e-02 1.000033e+00)
665           	(2.289822e-02 2.992663e-02 1.000037e+00)
666           	(2.289704e-02 2.990154e-02 1.000031e+00)
667           	(2.289419e-02 2.987441e-02 1.000028e+00)
668           	(2.302570e-02 2.966592e-02 1.000013e+00)
669           	(2.296728e-02 2.961939e-02 1.000005e+00)
670           	(2.294486e-02 2.966388e-02 9.999915e-01)
671           	(2.293682e-02 2.965095e-02 9.999841e-01)
672           	(2.293028e-02 2.963905e-02 9.999711e-01)
673           	(2.299561e-02 2.959930e-02 9.999653e-01)
674           	(2.299862e-02 2.958835e-02 9.999564e-01)
675           	(2.300246e-02 2.957782e-02 9.999555e-01)
676           	(2.300381e-02 2.957108e-02 9.999505e-01)
677           	(2.292566e-02 2.934354e-02 9.999532e-01)
678           	(2.291820e-02 2.935674e-02 9.999515e-01)
679           	(2.291307e-02 2.935309e-02 9.999577e-01)
680           	(2.293574e-02 2.925701e-02 9.999584e-01)
681           	(2.299655e-02 2.914617e-02 9.999663e-01)
682           	(2.300111e-02 2.913854e-02 9.999688e-01)
683           	(2.282393e-02 2.917955e-02 9.999741e-01)
684           	(2.285923e-02 2.919482e-02 9.999742e-01)
685           	(2.285391e-02 2.919622e-02 9.999774e-01)
686           	(2.285228e-02 2.921722e-02 9.999730e-01)
687           	(2.285216e-02 2.922351e-02 9.999737e-01)
688           	(2.284524e-02 2.920148e-02 9.999675e-01)
689           	(2.284672e-02 2.920822e-02 9.999670e-01)
690           	(2.292134e-02 2.923809e-02 9.999610e-01)
691           	(2.288020e-02 2.924322e-02 9.999588e-01)
692           	(2.284151e-02 2.926431e-02 9.999522e-01)
693           	(2.284073e-02 2.927212e-02 9.999528e-01)
694           	(2.286190e-02 2.924068e-02 9.999495e-01)
695           	(2.287320e-02 2.923390e-02 9.999492e-01)
696           	(2.286439e-02 2.926277e-02 9.999460e-01)
697           	(2.287770e-02 2.926927e-02 9.999446e-01)
698           	(2.288199e-02 2.924395e-02 9.999425e-01)
699           	(2.300919e-02 2.925677e-02 9.999426e-01)
700           	(2.301333e-02 2.926974e-02 9.999433e-01)
701           	(2.301753e-02 2.928297e-02 9.999446e-01)
702           	(2.309452e-02 2.935401e-02 9.999475e-01)
703           	(2.310106e-02 2.937646e-02 9.999537e-01)
704           	(2.310859e-02 2.940011e-02 9.999612e-01)
705           	(2.311813e-02 2.941497e-02 9.999645e-01)
706           	(2.312619e-02 2.943862e-02 9.999702e-01)
707           	(2.313399e-02 2.946238e-02 9.999689e-01)
708           	(2.311464e-02 2.948266e-02 9.999711e-01)
709           	(2.320812e-02 2.966563e-02 9.999677e-01)
710           	(2.313757e-02 2.955303e-02 9.999716e-01)
711           	(2.316438e-02 2.966066e-02 9.999656e-01)
712           	(2.316999e-02 2.969003e-02 9.999684e-01)
713           	(2.317350e-02 2.972476e-02 9.999596e-01)
714           	(2.318064e-02 2.975608e-02 9.999622e-01)
715           	(2.316699e-02 2.978623e-02 9.999504e-01)
716           	(2.317425e-02 2.981865e-02 9.999548e-01)
717           	(2.313949e-02 2.987713e-02 9.999417e-01)
718           	(2.319910e-02 2.990586e-02 9.999478e-01)
719           	(2.318982e-02 2.992574e-02 9.999352e-01)
720           	(2.321353e-02 2.999936e-02 9.999460e-01)
721           	(2.321741e-02 3.002751e-02 9.999352e-01)
722           	(2.322433e-02 3.005732e-02 9.999481e-01)
723           	(2.323079e-02 3.008702e-02 9.999369e-01)
724           	(2.322337e-02 3.014838e-02 9.999510e-01)
725           	(2.323057e-02 3.018341e-02 9.999412e-01)
726           	(2.330595e-02 3.009375e-02 9.999570e-01)
727           	(2.327892e-02 3.007571e-02 9.999486e-01)
728           	(2.329191e-02 3.011012e-02 9.999614e-01)
729           	(2.330479e-02 3.014412e-02 9.999514e-01)
730           	(2.342211e-02 3.009227e-02 9.999607e-01)
731           	(2.346494e-02 3.012058e-02 9.999497e-01)
732           	(2.349124e-02 3.015945e-02 9.999583e-01)
733           	(2.349520e-02 3.025283e-02 9.999473e-01)
734           	(2.354627e-02 3.029013e-02 9.999547e-01)
735           	(2.352132e-02 3.029173e-02 9.999449e-01)
736           	(2.354394e-02 3.033389e-02 9.999541e-01)
737           	(2.362537e-02 3.035968e-02 9.999441e-01)
738           	(2.365672e-02 3.040011e-02 9.999549e-01)
739           	(2.368439e-02 3.044349e-02 9.999456e-01)
740           	(2.371273e-02 3.048939e-02 9.999567e-01)
741           	(2.379078e-02 3.052189e-02 9.999475e-01)
742           	(2.382130e-02 3.056978e-02 9.999596e-01)
743           	(2.385130e-02 3.061838e-02 9.999497e-01)
744           	(2.388219e-02 3.066986e-02 9.999619e-01)
745           	(2.394741e-02 3.073715e-02 9.999495e-01)
746           	(2.397763e-02 3.078894e-02 9.999635e-01)
747           	(2.400543e-02 3.084378e-02 9.999559e-01)
748           	(2.403519e-02 3.090158e-02 9.999710e-01)
749           	(2.404220e-02 3.098499e-02 9.999627e-01)
750           	(2.401525e-02 3.106197e-02 9.999772e-01)
751           	(2.401877e-02 3.104265e-02 9.999662e-01)
752           	(2.403981e-02 3.111322e-02 9.999797e-01)
753           	(2.406307e-02 3.118177e-02 9.999662e-01)
754           	(2.409279e-02 3.124999e-02 9.999786e-01)
755           	(2.412176e-02 3.131804e-02 9.999591e-01)
756           	(2.415424e-02 3.138813e-02 9.999735e-01)
757           	(2.418575e-02 3.145771e-02 9.999508e-01)
758           	(2.414754e-02 3.146304e-02 9.999697e-01)
759           	(2.420275e-02 3.146035e-02 9.999451e-01)
760           	(2.423796e-02 3.153309e-02 9.999666e-01)
761           	(2.425135e-02 3.156519e-02 9.999392e-01)
762           	(2.428799e-02 3.163895e-02 9.999669e-01)
763           	(2.432550e-02 3.171118e-02 9.999383e-01)
764           	(2.436404e-02 3.178791e-02 9.999695e-01)
765           	(2.440356e-02 3.186221e-02 9.999382e-01)
766           	(2.444406e-02 3.194141e-02 9.999725e-01)
767           	(2.448385e-02 3.201899e-02 9.999459e-01)
768           	(2.452638e-02 3.210055e-02 9.999798e-01)
769           	(2.456720e-02 3.218056e-02 9.999512e-01)
770           	(2.461150e-02 3.226391e-02 9.999837e-01)
771           	(2.465184e-02 3.234608e-02 9.999517e-01)
772           	(2.469793e-02 3.243126e-02 9.999831e-01)
773           	(2.470519e-02 3.249968e-02 9.999480e-01)
774           	(2.475566e-02 3.258622e-02 9.999801e-01)
775           	(2.475759e-02 3.267811e-02 9.999437e-01)
776           	(2.481814e-02 3.283107e-02 9.999763e-01)
777           	(2.486764e-02 3.291951e-02 9.999388e-01)
778           	(2.493032e-02 3.305049e-02 9.999718e-01)
779           	(2.498199e-02 3.314104e-02 9.999336e-01)
780           	(2.499280e-02 3.330942e-02 9.999676e-01)
781           	(2.504270e-02 3.340908e-02 9.999293e-01)
782           	(2.510108e-02 3.350179e-02 9.999674e-01)
783           	(2.514658e-02 3.359224e-02 9.999300e-01)
784           	(2.521065e-02 3.368586e-02 9.999697e-01)
785           	(2.527079e-02 3.378726e-02 9.999329e-01)
786           	(2.533907e-02 3.388225e-02 9.999717e-01)
787           	(2.539956e-02 3.400135e-02 9.999342e-01)
788           	(2.547175e-02 3.409918e-02 9.999725e-01)
789           	(2.554039e-02 3.420400e-02 9.999363e-01)
790           	(2.561646e-02 3.430303e-02 9.999725e-01)
791           	(2.570835e-02 3.427452e-02 9.999376e-01)
792           	(2.569381e-02 3.430773e-02 9.999725e-01)
793           	(2.576956e-02 3.441454e-02 9.999415e-01)
794           	(2.585199e-02 3.451645e-02 9.999731e-01)
795           	(2.591139e-02 3.460461e-02 9.999429e-01)
796           	(2.604524e-02 3.471898e-02 9.999728e-01)
797           	(2.611961e-02 3.480536e-02 9.999452e-01)
798           	(2.620231e-02 3.491022e-02 9.999713e-01)
799           	(2.628401e-02 3.501627e-02 9.999465e-01)
800           	(2.637150e-02 3.512210e-02 9.999706e-01)
801           	(2.653502e-02 3.516104e-02 9.999450e-01)
802           	(2.663082e-02 3.527045e-02 9.999700e-01)
803           	(2.672289e-02 3.538384e-02 9.999468e-01)
804           	(2.700030e-02 3.556072e-02 9.999708e-01)
805           	(2.707766e-02 3.568154e-02 9.999473e-01)
806           	(2.728784e-02 3.581607e-02 9.999708e-01)
807           	(2.728110e-02 3.591746e-02 9.999475e-01)
808           	(2.744719e-02 3.603099e-02 9.999718e-01)
809           	(2.754378e-02 3.615322e-02 9.999472e-01)
810           	(2.764413e-02 3.626921e-02 9.999730e-01)
811           	(2.774303e-02 3.639114e-02 9.999463e-01)
812           	(2.784876e-02 3.651181e-02 9.999714e-01)
813           	(2.795137e-02 3.663597e-02 9.999431e-01)
814           	(2.803086e-02 3.664818e-02 9.999687e-01)
815           	(2.802413e-02 3.669982e-02 9.999427e-01)
816           	(2.811659e-02 3.682936e-02 9.999678e-01)
817           	(2.822277e-02 3.704830e-02 9.999485e-01)
818           	(2.831409e-02 3.722627e-02 9.999781e-01)
819           	(2.840996e-02 3.732870e-02 9.999598e-01)
820           	(2.851944e-02 3.745910e-02 9.999892e-01)
821           	(2.862813e-02 3.759196e-02 9.999701e-01)
822           	(2.868610e-02 3.767072e-02 9.999932e-01)
823           	(2.879439e-02 3.780328e-02 9.999709e-01)
824           	(2.914004e-02 3.791514e-02 9.999891e-01)
825           	(2.930071e-02 3.803298e-02 9.999637e-01)
826           	(2.941815e-02 3.817021e-02 9.999795e-01)
827           	(2.952120e-02 3.829915e-02 9.999480e-01)
828           	(2.963878e-02 3.843809e-02 9.999664e-01)
829           	(2.976075e-02 3.857891e-02 9.999376e-01)
830           	(2.986412e-02 3.873270e-02 9.999570e-01)
831           	(2.999181e-02 3.883903e-02 9.999331e-01)
832           	(3.011713e-02 3.898446e-02 9.999556e-01)
833           	(3.040506e-02 3.918327e-02 9.999294e-01)
834           	(3.061425e-02 3.933291e-02 9.999533e-01)
835           	(3.075047e-02 3.947766e-02 9.999271e-01)
836           	(3.089505e-02 3.957547e-02 9.999542e-01)
837           	(3.114088e-02 3.968193e-02 9.999296e-01)
838           	(3.115158e-02 3.987819e-02 9.999650e-01)
839           	(3.128341e-02 4.002770e-02 9.999472e-01)
840           	(3.138275e-02 4.022021e-02 9.999806e-01)
841           	(3.156507e-02 4.034972e-02 9.999595e-01)
842           	(3.168762e-02 4.045448e-02 9.999895e-01)
843           	(3.182162e-02 4.060381e-02 9.999636e-01)
844           	(3.202917e-02 4.074232e-02 9.999873e-01)
845           	(3.223634e-02 4.072676e-02 9.999558e-01)
846           	(3.230035e-02 4.087336e-02 9.999788e-01)
847           	(3.240025e-02 4.109757e-02 9.999429e-01)
848           	(3.255329e-02 4.127449e-02 9.999641e-01)
849           	(3.279456e-02 4.134395e-02 9.999290e-01)
850           	(3.293300e-02 4.149848e-02 9.999572e-01)
851           	(3.288663e-02 4.161758e-02 9.999428e-01)
852           	(3.302705e-02 4.177972e-02 9.999717e-01)
853           	(3.321358e-02 4.190056e-02 9.999343e-01)
854           	(3.335774e-02 4.206568e-02 9.999667e-01)
855           	(3.355941e-02 4.221476e-02 9.999347e-01)
856           	(3.370591e-02 4.238140e-02 9.999612e-01)
857           	(3.386173e-02 4.253871e-02 9.999228e-01)
858           	(3.401037e-02 4.270558e-02 9.999541e-01)
859           	(3.423613e-02 4.269661e-02 9.999128e-01)
860           	(3.438533e-02 4.286465e-02 9.999505e-01)
861           	(3.456310e-02 4.299811e-02 9.999208e-01)
862           	(3.481101e-02 4.315992e-02 9.999586e-01)
863           	(3.512684e-02 4.319126e-02 9.999290e-01)
864           	(3.535163e-02 4.337106e-02 9.999701e-01)
865           	(3.554613e-02 4.353548e-02 9.999292e-01)
866           	(3.567534e-02 4.371423e-02 9.999612e-01)
867           	(3.587296e-02 4.388391e-02 9.999223e-01)
868           	(3.598990e-02 4.405177e-02 9.999573e-01)
869           	(3.621291e-02 4.418941e-02 9.999068e-01)
870           	(3.648255e-02 4.434095e-02 9.999409e-01)
871           	(3.670066e-02 4.450282e-02 9.998861e-01)
872           	(3.683517e-02 4.467533e-02 9.999337e-01)
873           	(3.704577e-02 4.484924e-02 9.999045e-01)
874           	(3.718441e-02 4.503716e-02 9.999552e-01)
875           	(3.740128e-02 4.517463e-02 9.999179e-01)
876           	(3.758156e-02 4.537147e-02 9.999752e-01)
877           	(3.804778e-02 4.554887e-02 9.999493e-01)
878           	(3.822456e-02 4.574640e-02 9.999879e-01)
879           	(3.839087e-02 4.591791e-02 9.999557e-01)
880           	(3.856595e-02 4.611006e-02 9.999982e-01)
881           	(3.876253e-02 4.629002e-02 9.999638e-01)
882           	(3.893607e-02 4.647826e-02 9.999865e-01)
883           	(3.905229e-02 4.665327e-02 9.999443e-01)
884           	(3.922573e-02 4.685439e-02 9.999703e-01)
885           	(3.935575e-02 4.698812e-02 9.999666e-01)
886           	(3.955079e-02 4.717071e-02 1.000014e+00)
887           	(3.959972e-02 4.732363e-02 9.999960e-01)
888           	(3.978662e-02 4.752595e-02 1.000048e+00)
889           	(3.996389e-02 4.771063e-02 1.000032e+00)
890           	(4.005833e-02 4.786610e-02 1.000034e+00)
891           	(4.024071e-02 4.806020e-02 1.000003e+00)
892           	(4.047435e-02 4.826901e-02 1.000020e+00)
893           	(4.067289e-02 4.846214e-02 9.999908e-01)
894           	(4.085474e-02 4.865063e-02 9.999870e-01)
895           	(4.108276e-02 4.885773e-02 9.999592e-01)
896           	(4.125351e-02 4.905940e-02 9.999689e-01)
897           	(4.146548e-02 4.926844e-02 9.999796e-01)
898           	(4.165658e-02 4.947874e-02 1.000019e+00)
899           	(4.173387e-02 4.966131e-02 1.000006e+00)
900           	(4.194270e-02 4.979740e-02 1.000047e+00)
901           	(4.229665e-02 5.004561e-02 1.000039e+00)
902           	(4.246598e-02 5.030641e-02 1.000039e+00)
903           	(4.271351e-02 5.051765e-02 1.000015e+00)
904           	(4.307213e-02 5.064347e-02 1.000024e+00)
905           	(4.328344e-02 5.085659e-02 1.000001e+00)
906           	(4.344510e-02 5.101312e-02 9.999912e-01)
907           	(4.366010e-02 5.122283e-02 9.999697e-01)
908           	(4.398340e-02 5.147962e-02 9.999699e-01)
909           	(4.417751e-02 5.141219e-02 9.999764e-01)
910           	(4.438507e-02 5.163331e-02 1.000004e+00)
911           	(4.459745e-02 5.173970e-02 9.999954e-01)
912           	(4.482570e-02 5.191194e-02 1.000034e+00)
913           	(4.503494e-02 5.210432e-02 1.000033e+00)
914           	(4.532047e-02 5.223581e-02 1.000037e+00)
915           	(4.554923e-02 5.248646e-02 1.000023e+00)
916           	(4.576748e-02 5.269227e-02 1.000038e+00)
917           	(4.599137e-02 5.290133e-02 1.000024e+00)
918           	(4.615084e-02 5.309549e-02 1.000018e+00)
919           	(4.637654e-02 5.329962e-02 1.000011e+00)
920           	(4.662435e-02 5.325279e-02 1.000007e+00)
921           	(4.684863e-02 5.344925e-02 1.000012e+00)
922           	(4.707190e-02 5.365483e-02 1.000023e+00)
923           	(4.723238e-02 5.364689e-02 1.000010e+00)
924           	(4.747488e-02 5.384809e-02 1.000034e+00)
925           	(4.769610e-02 5.402500e-02 1.000025e+00)
926           	(4.794920e-02 5.422394e-02 1.000024e+00)
927           	(4.821246e-02 5.443929e-02 1.000001e+00)
928           	(4.844515e-02 5.452262e-02 1.000019e+00)
929           	(4.867763e-02 5.471593e-02 1.000003e+00)
930           	(4.888772e-02 5.486581e-02 1.000003e+00)
931           	(4.935904e-02 5.512161e-02 1.000009e+00)
932           	(4.959197e-02 5.533909e-02 1.000005e+00)
933           	(4.982383e-02 5.552164e-02 1.000011e+00)
934           	(5.005296e-02 5.571392e-02 1.000013e+00)
935           	(5.041844e-02 5.585466e-02 1.000015e+00)
936           	(5.070094e-02 5.589693e-02 1.000032e+00)
937           	(5.100454e-02 5.595253e-02 1.000031e+00)
938           	(5.117967e-02 5.629071e-02 1.000037e+00)
939           	(5.146649e-02 5.640155e-02 1.000014e+00)
940           	(5.162271e-02 5.663627e-02 1.000044e+00)
941           	(5.178028e-02 5.682320e-02 1.000024e+00)
942           	(5.197138e-02 5.704911e-02 1.000028e+00)
943           	(5.233398e-02 5.710299e-02 1.000036e+00)
944           	(5.255780e-02 5.726086e-02 1.000024e+00)
945           	(5.286653e-02 5.727376e-02 1.000017e+00)
946           	(5.308881e-02 5.744386e-02 1.000002e+00)
947           	(5.331742e-02 5.756835e-02 1.000012e+00)
948           	(5.355173e-02 5.773071e-02 1.000010e+00)
949           	(5.377754e-02 5.784989e-02 1.000012e+00)
950           	(5.409758e-02 5.801816e-02 1.000023e+00)
951           	(5.431503e-02 5.816275e-02 9.999881e-01)
952           	(5.457497e-02 5.837451e-02 1.000024e+00)
953           	(5.479849e-02 5.852642e-02 9.999913e-01)
954           	(5.505957e-02 5.864374e-02 1.000001e+00)
955           	(5.530675e-02 5.876763e-02 1.000013e+00)
956           	(5.552983e-02 5.891328e-02 1.000020e+00)
957           	(5.574288e-02 5.901336e-02 1.000011e+00)
958           	(5.596513e-02 5.915978e-02 9.999928e-01)
959           	(5.617652e-02 5.929008e-02 1.000014e+00)
960           	(5.639836e-02 5.943725e-02 9.999918e-01)
961           	(5.661340e-02 5.953274e-02 1.000000e+00)
962           	(5.683050e-02 5.982030e-02 1.000023e+00)
963           	(5.703961e-02 5.993843e-02 9.999935e-01)
964           	(5.730528e-02 6.005549e-02 1.000027e+00)
965           	(5.751395e-02 6.016519e-02 9.998510e-01)
966           	(5.775660e-02 6.024622e-02 9.999708e-01)
967           	(5.789328e-02 6.037264e-02 9.998709e-01)
968           	(5.812015e-02 6.045493e-02 9.999623e-01)
969           	(5.832040e-02 6.056593e-02 9.999470e-01)
970           	(5.850479e-02 6.060416e-02 1.000015e+00)
971           	(5.872201e-02 6.070150e-02 1.000044e+00)
972           	(5.893648e-02 6.082268e-02 1.000059e+00)
973           	(5.925684e-02 6.074172e-02 1.000082e+00)
974           	(5.948045e-02 6.085228e-02 1.000084e+00)
975           	(5.970060e-02 6.094471e-02 1.000058e+00)
976           	(5.992813e-02 6.104016e-02 1.000086e+00)
977           	(6.014253e-02 6.114245e-02 9.999906e-01)
978           	(6.026027e-02 6.133956e-02 1.000012e+00)
979           	(6.055714e-02 6.133909e-02 9.999628e-01)
980           	(6.078893e-02 6.143573e-02 9.999646e-01)
981           	(6.098289e-02 6.141002e-02 9.999799e-01)
982           	(6.120454e-02 6.152224e-02 9.999542e-01)
983           	(6.143224e-02 6.158867e-02 9.999730e-01)
984           	(6.187725e-02 6.164009e-02 9.999786e-01)
985           	(6.208444e-02 6.170536e-02 9.999735e-01)
986           	(6.231274e-02 6.179739e-02 1.000011e+00)
987           	(6.250701e-02 6.186530e-02 9.999615e-01)
988           	(6.270790e-02 6.195840e-02 1.000028e+00)
989           	(6.298880e-02 6.203949e-02 9.999496e-01)
990           	(6.322517e-02 6.209495e-02 1.000015e+00)
991           	(6.346932e-02 6.214714e-02 1.000001e+00)
992           	(6.371107e-02 6.225612e-02 1.000011e+00)
993           	(6.397068e-02 6.233271e-02 1.000039e+00)
994           	(6.420246e-02 6.242675e-02 1.000004e+00)
995           	(6.444536e-02 6.247111e-02 1.000015e+00)
996           	(6.466202e-02 6.257105e-02 1.000025e+00)
997           	(6.489680e-02 6.262992e-02 9.999890e-01)
998           	(6.515251e-02 6.270940e-02 1.000021e+00)
999           	(6.536395e-02 6.274508e-02 9.999138e-01)
1000          	(6.562420e-02 6.281228e-02 9.999864e-01)
1001          	(6.584519e-02 6.293587e-02 9.998876e-01)
1002          	(6.610102e-02 6.297966e-02 9.999519e-01)
1003          	(6.635989e-02 6.305320e-02 9.999496e-01)
1004          	(6.660343e-02 6.312520e-02 9.999615e-01)
1005          	(6.687720e-02 6.324634e-02 1.000001e+00)
1006          	(6.713883e-02 6.337768e-02 9.999763e-01)
1007          	(6.739427e-02 6.342250e-02 1.000018e+00)
1008          	(6.767504e-02 6.350644e-02 1.000030e+00)
1009          	(6.791420e-02 6.356199e-02 9.999946e-01)
1010          	(6.820459e-02 6.362846e-02 1.000035e+00)
1011          	(6.844091e-02 6.372157e-02 9.999173e-01)
1012          	(6.872231e-02 6.376218e-02 9.999911e-01)
1013          	(6.895308e-02 6.382850e-02 9.998834e-01)
1014          	(6.925808e-02 6.387494e-02 9.999367e-01)
1015          	(6.951729e-02 6.392350e-02 9.999330e-01)
1016          	(6.978126e-02 6.398877e-02 9.999319e-01)
1017          	(7.005486e-02 6.394623e-02 9.999765e-01)
1018          	(7.032135e-02 6.403108e-02 9.999466e-01)
1019          	(7.058408e-02 6.395084e-02 9.999939e-01)
1020          	(7.088460e-02 6.403791e-02 1.000007e+00)
1021          	(7.116673e-02 6.408584e-02 9.999702e-01)
1022          	(7.147932e-02 6.415238e-02 1.000025e+00)
1023          	(7.168131e-02 6.422060e-02 9.999143e-01)
1024          	(7.200825e-02 6.422082e-02 9.999964e-01)
1025          	(7.234616e-02 6.428941e-02 9.999142e-01)
1026          	(7.264690e-02 6.432823e-02 9.999485e-01)
1027          	(7.295384e-02 6.437610e-02 9.999549e-01)
1028          	(7.324372e-02 6.445106e-02 9.999261e-01)
1029          	(7.355022e-02 6.448086e-02 9.999784e-01)
1030          	(7.378404e-02 6.467684e-02 9.999291e-01)
1031          	(7.409628e-02 6.467066e-02 9.999759e-01)
1032          	(7.451650e-02 6.471907e-02 9.999999e-01)
1033          	(7.481000e-02 6.475844e-02 9.999572e-01)
1034          	(7.515226e-02 6.481936e-02 1.000026e+00)
1035          	(7.544732e-02 6.487846e-02 9.999169e-01)
1036          	(7.578895e-02 6.492205e-02 9.999948e-01)
1037          	(7.611641e-02 6.489415e-02 9.999267e-01)
1038          	(7.639340e-02 6.494239e-02 9.999298e-01)
1039          	(7.689467e-02 6.494584e-02 9.999364e-01)
1040          	(7.721180e-02 6.502580e-02 9.998921e-01)
1041          	(7.753183e-02 6.503798e-02 9.999280e-01)
1042          	(7.781645e-02 6.497464e-02 9.998936e-01)
1043          	(7.810581e-02 6.492995e-02 9.998790e-01)
1044          	(7.856880e-02 6.507461e-02 9.999357e-01)
1045          	(7.888715e-02 6.512377e-02 9.998543e-01)
1046          	(7.926736e-02 6.518528e-02 9.999332e-01)
1047          	(7.954354e-02 6.525594e-02 9.998764e-01)
1048          	(7.991513e-02 6.532018e-02 9.999227e-01)
1049          	(8.027186e-02 6.537244e-02 9.999255e-01)
1050          	(8.063796e-02 6.543946e-02 9.999481e-01)
1051          	(8.090715e-02 6.555040e-02 9.999433e-01)
1052          	(8.130138e-02 6.559773e-02 9.999724e-01)
1053          	(8.179188e-02 6.560842e-02 9.999488e-01)
1054          	(8.217145e-02 6.568857e-02 9.999634e-01)
1055          	(8.207912e-02 6.572960e-02 9.999480e-01)
1056          	(8.245829e-02 6.579903e-02 9.999594e-01)
1057          	(8.259995e-02 6.564281e-02 9.999410e-01)
1058          	(8.296828e-02 6.573364e-02 9.999432e-01)
1059          	(8.340533e-02 6.572823e-02 9.999158e-01)
1060          	(8.350278e-02 6.576390e-02 9.999239e-01)
1061          	(8.387199e-02 6.582339e-02 9.998909e-01)
1062          	(8.413976e-02 6.593149e-02 9.998987e-01)
1063          	(8.449975e-02 6.598959e-02 9.998587e-01)
1064          	(8.451986e-02 6.593557e-02 9.998955e-01)
1065          	(8.499733e-02 6.613752e-02 9.998416e-01)
1066          	(8.551833e-02 6.608708e-02 9.998807e-01)
1067          	(8.584178e-02 6.614737e-02 9.998250e-01)
1068          	(8.629952e-02 6.620202e-02 9.998815e-01)
1069          	(8.670489e-02 6.625539e-02 9.998298e-01)
1070          	(8.712970e-02 6.631400e-02 9.998921e-01)
1071          	(8.723963e-02 6.592463e-02 9.998372e-01)
1072          	(8.744727e-02 6.550661e-02 9.999019e-01)
1073          	(8.786105e-02 6.558636e-02 9.998458e-01)
1074          	(8.829426e-02 6.567160e-02 9.999123e-01)
1075          	(8.867538e-02 6.573554e-02 9.998528e-01)
1076          	(8.911251e-02 6.581806e-02 9.999198e-01)
1077          	(8.951211e-02 6.588261e-02 9.998612e-01)
1078          	(8.997601e-02 6.594740e-02 9.999282e-01)
1079          	(9.041324e-02 6.600755e-02 9.998585e-01)
1080          	(9.074342e-02 6.586039e-02 9.999179e-01)
1081          	(9.121724e-02 6.591289e-02 9.998462e-01)
1082          	(9.144918e-02 6.566829e-02 9.999157e-01)
1083          	(9.174620e-02 6.531222e-02 9.998422e-01)
1084          	(9.222734e-02 6.551042e-02 9.999113e-01)
1085          	(9.268198e-02 6.564075e-02 9.998351e-01)
1086          	(9.315392e-02 6.571906e-02 9.999026e-01)
1087          	(9.354117e-02 6.582408e-02 9.998228e-01)
1088          	(9.406154e-02 6.593423e-02 9.998952e-01)
1089          	(9.453574e-02 6.604484e-02 9.998185e-01)
1090          	(9.456472e-02 6.599008e-02 9.999038e-01)
1091          	(9.504773e-02 6.606626e-02 9.998368e-01)
1092          	(9.558878e-02 6.614370e-02 9.999601e-01)
1093          	(9.609122e-02 6.613584e-02 9.999127e-01)
1094          	(9.666328e-02 6.623806e-02 1.000062e+00)
1095          	(9.714559e-02 6.629063e-02 1.000007e+00)
1096          	(9.707047e-02 6.616238e-02 1.000113e+00)
1097          	(9.758956e-02 6.638727e-02 1.000030e+00)
1098          	(9.812374e-02 6.644453e-02 1.000106e+00)
1099          	(9.863205e-02 6.667352e-02 9.999847e-01)
1100          	(9.918644e-02 6.674051e-02 1.000051e+00)
1101          	(9.976875e-02 6.716440e-02 9.999320e-01)
1102          	(1.000570e-01 6.731646e-02 9.999730e-01)
1103          	(1.005490e-01 6.733966e-02 9.998501e-01)
1104          	(1.010930e-01 6.741249e-02 9.998922e-01)
1105          	(1.014663e-01 6.759405e-02 9.997817e-01)
1106          	(1.021107e-01 6.776737e-02 9.998336e-01)
1107          	(1.026435e-01 6.795514e-02 9.997523e-01)
1108          	(1.030206e-01 6.792399e-02 9.998343e-01)
1109          	(1.035343e-01 6.801517e-02 9.997877e-01)
1110          	(1.041550e-01 6.824611e-02 9.999032e-01)
1111          	(1.047258e-01 6.833360e-02 9.998619e-01)
1112          	(1.052799e-01 6.848010e-02 9.999586e-01)
1113          	(1.058329e-01 6.886911e-02 9.999008e-01)
1114          	(1.061258e-01 6.914887e-02 9.999648e-01)
1115          	(1.066564e-01 6.925290e-02 9.998871e-01)
1116          	(1.072608e-01 6.936095e-02 9.999263e-01)
1117          	(1.077567e-01 6.960261e-02 9.998440e-01)
1118          	(1.083402e-01 6.983334e-02 9.998750e-01)
1119          	(1.088719e-01 6.995891e-02 9.998020e-01)
1120          	(1.095285e-01 7.005435e-02 9.998381e-01)
1121          	(1.100909e-01 7.033480e-02 9.997043e-01)
1122          	(1.107533e-01 7.040844e-02 9.996902e-01)
1123          	(1.109925e-01 7.055852e-02 9.996587e-01)
1124          	(1.115931e-01 7.069313e-02 9.997136e-01)
1125          	(1.122964e-01 7.152940e-02 9.997290e-01)
1126          	(1.129471e-01 7.220019e-02 9.998139e-01)
1127          	(1.132856e-01 7.181722e-02 9.998460e-01)
1128          	(1.139216e-01 7.254376e-02 9.999181e-01)
1129          	(1.144977e-01 7.280298e-02 9.999202e-01)
1130          	(1.151202e-01 7.295231e-02 9.999671e-01)
1131          	(1.154421e-01 7.277816e-02 9.999371e-01)
1132          	(1.160682e-01 7.292014e-02 9.999550e-01)
1133          	(1.166606e-01 7.305969e-02 9.999039e-01)
1134          	(1.173677e-01 7.365217e-02 9.998981e-01)
1135          	(1.179595e-01 7.392657e-02 9.998300e-01)
1136          	(1.186536e-01 7.405693e-02 9.998214e-01)
1137          	(1.191698e-01 7.416289e-02 9.997621e-01)
1138          	(1.197256e-01 7.471107e-02 9.997655e-01)
1139          	(1.203258e-01 7.481661e-02 9.997270e-01)
1140          	(1.209540e-01 7.519215e-02 9.997557e-01)
1141          	(1.214062e-01 7.534164e-02 9.997402e-01)
1142          	(1.220624e-01 7.545906e-02 9.997872e-01)
1143          	(1.225628e-01 7.604329e-02 9.997770e-01)
1144          	(1.228293e-01 7.640788e-02 9.998221e-01)
1145          	(1.234693e-01 7.653480e-02 9.998014e-01)
1146          	(1.240112e-01 7.657377e-02 9.998353e-01)
1147          	(1.246054e-01 7.628580e-02 9.998107e-01)
1148          	(1.253704e-01 7.641859e-02 9.998344e-01)
1149          	(1.260968e-01 7.651155e-02 9.997994e-01)
1150          	(1.267738e-01 7.665492e-02 9.998184e-01)
1151          	(1.275043e-01 7.669604e-02 9.997791e-01)
1152          	(1.282419e-01 7.680779e-02 9.998000e-01)
1153          	(1.290891e-01 7.740403e-02 9.997648e-01)
1154          	(1.298459e-01 7.750423e-02 9.997944e-01)
1155          	(1.306267e-01 7.757166e-02 9.997702e-01)
1156          	(1.311642e-01 7.766357e-02 9.998029e-01)
1157          	(1.319401e-01 7.779092e-02 9.997816e-01)
1158          	(1.326934e-01 7.779091e-02 9.998168e-01)
1159          	(1.335566e-01 7.781663e-02 9.997917e-01)
1160          	(1.344049e-01 7.823373e-02 9.998225e-01)
1161          	(1.351977e-01 7.799078e-02 9.998083e-01)
1162          	(1.360426e-01 7.810040e-02 9.998424e-01)
1163          	(1.368801e-01 7.816314e-02 9.998034e-01)
1164          	(1.377605e-01 7.787949e-02 9.998254e-01)
1165          	(1.384993e-01 7.806321e-02 9.997764e-01)
1166          	(1.395679e-01 7.873970e-02 9.998051e-01)
1167          	(1.404789e-01 7.882541e-02 9.997571e-01)
1168          	(1.414829e-01 7.887831e-02 9.998001e-01)
1169          	(1.423561e-01 7.897105e-02 9.997560e-01)
1170          	(1.429741e-01 7.931484e-02 9.997957e-01)
1171          	(1.439310e-01 7.943767e-02 9.997556e-01)
1172          	(1.448996e-01 7.922374e-02 9.997958e-01)
1173          	(1.456596e-01 7.936228e-02 9.997544e-01)
1174          	(1.467086e-01 7.941495e-02 9.997901e-01)
1175          	(1.481363e-01 7.939144e-02 9.997516e-01)
1176          	(1.491681e-01 7.945266e-02 9.997888e-01)
1177          	(1.502837e-01 7.954594e-02 9.997538e-01)
1178          	(1.513616e-01 7.962131e-02 9.997964e-01)
1179          	(1.530153e-01 7.997254e-02 9.997652e-01)
1180          	(1.541742e-01 8.056896e-02 9.998405e-01)
1181          	(1.556059e-01 8.070971e-02 9.998496e-01)
1182          	(1.567720e-01 8.072926e-02 9.999286e-01)
1183          	(1.579410e-01 8.087527e-02 9.999337e-01)
1184          	(1.590251e-01 8.090020e-02 9.999909e-01)
1185          	(1.601370e-01 8.069561e-02 9.999647e-01)
1186          	(1.614122e-01 8.068562e-02 1.000000e+00)
1187          	(1.625860e-01 8.148951e-02 9.999454e-01)
1188          	(1.639377e-01 8.175323e-02 9.999807e-01)
1189          	(1.651618e-01 8.164266e-02 9.999204e-01)
1190          	(1.664093e-01 8.165698e-02 9.999474e-01)
1191          	(1.682851e-01 8.233985e-02 9.998888e-01)
1192          	(1.696123e-01 8.231253e-02 9.999326e-01)
1193          	(1.708271e-01 8.228553e-02 9.998883e-01)
1194          	(1.720281e-01 8.259957e-02 9.999276e-01)
1195          	(1.735270e-01 8.246652e-02 9.998855e-01)
1196          	(1.747788e-01 8.243882e-02 9.999349e-01)
1197          	(1.760911e-01 8.237412e-02 9.999083e-01)
1198          	(1.772724e-01 8.204717e-02 9.999477e-01)
1199          	(1.785111e-01 8.188944e-02 9.999174e-01)
1200          	(1.799172e-01 8.186585e-02 9.999465e-01)
1201          	(1.812407e-01 8.139731e-02 9.999167e-01)
1202          	(1.827391e-01 8.172569e-02 9.999318e-01)
1203          	(1.841525e-01 8.190814e-02 9.999087e-01)
1204          	(1.855872e-01 8.195852e-02 9.999390e-01)
1205          	(1.869621e-01 8.175739e-02 9.999280e-01)
1206          	(1.885021e-01 8.167878e-02 9.999570e-01)
1207          	(1.892734e-01 8.184291e-02 9.999417e-01)
1208          	(1.907129e-01 8.190606e-02 9.999628e-01)
1209          	(1.919327e-01 8.184304e-02 9.999450e-01)
1210          	(1.933371e-01 8.168192e-02 9.999695e-01)
1211          	(1.949164e-01 8.160562e-02 9.999484e-01)
1212          	(1.962462e-01 8.208372e-02 9.999705e-01)
1213          	(1.976757e-01 8.195192e-02 9.999573e-01)
1214          	(1.992969e-01 8.194768e-02 1.000002e+00)
1215          	(2.008197e-01 8.164416e-02 9.999874e-01)
1216          	(2.025388e-01 8.158643e-02 1.000030e+00)
1217          	(2.042074e-01 8.133360e-02 9.999964e-01)
1218          	(2.058431e-01 8.103187e-02 1.000034e+00)
1219          	(2.071677e-01 8.175809e-02 9.999909e-01)
1220          	(2.089286e-01 8.175468e-02 1.000045e+00)
1221          	(2.110010e-01 8.156861e-02 1.000007e+00)
1222          	(2.126253e-01 8.141967e-02 1.000064e+00)
1223          	(2.143587e-01 8.184293e-02 1.000027e+00)
1224          	(2.161438e-01 8.180605e-02 1.000084e+00)
1225          	(2.179082e-01 8.193005e-02 1.000044e+00)
1226          	(2.194969e-01 8.213363e-02 1.000094e+00)
1227          	(2.212608e-01 8.214251e-02 1.000051e+00)
1228          	(2.231397e-01 8.214930e-02 1.000096e+00)
1229          	(2.248789e-01 8.217959e-02 1.000050e+00)
1230          	(2.269470e-01 8.229596e-02 1.000092e+00)
1231          	(2.288893e-01 8.204727e-02 1.000054e+00)
1232          	(2.309478e-01 8.200515e-02 1.000088e+00)
1233          	(2.328050e-01 8.204569e-02 1.000049e+00)
1234          	(2.348889e-01 8.202632e-02 1.000072e+00)
1235          	(2.363701e-01 8.229627e-02 1.000042e+00)
1236          	(2.383178e-01 8.198725e-02 1.000061e+00)
1237          	(2.403701e-01 8.230588e-02 1.000034e+00)
1238          	(2.417756e-01 8.234633e-02 1.000051e+00)
1239          	(2.437465e-01 8.259142e-02 1.000023e+00)
1240          	(2.454133e-01 8.265423e-02 1.000048e+00)
1241          	(2.474200e-01 8.244926e-02 1.000033e+00)
1242          	(2.491778e-01 8.230428e-02 1.000077e+00)
1243          	(2.514562e-01 8.253300e-02 1.000065e+00)
1244          	(2.536828e-01 8.271034e-02 1.000135e+00)
1245          	(2.558068e-01 8.267927e-02 1.000122e+00)
1246          	(2.577362e-01 8.291058e-02 1.000160e+00)
1247          	(2.595632e-01 8.290663e-02 1.000126e+00)
1248          	(2.618626e-01 8.324010e-02 1.000154e+00)
1249          	(2.638722e-01 8.360900e-02 1.000106e+00)
1250          	(2.657510e-01 8.369410e-02 1.000127e+00)
1251          	(2.676530e-01 8.391713e-02 1.000076e+00)
1252          	(2.698250e-01 8.400485e-02 1.000104e+00)
1253          	(2.718382e-01 8.426497e-02 1.000065e+00)
1254          	(2.739677e-01 8.448219e-02 1.000097e+00)
1255          	(2.761938e-01 8.433976e-02 1.000072e+00)
1256          	(2.779186e-01 8.434383e-02 1.000114e+00)
1257          	(2.801452e-01 8.438811e-02 1.000109e+00)
1258          	(2.824223e-01 8.458530e-02 1.000157e+00)
1259          	(2.847449e-01 8.475774e-02 1.000156e+00)
1260          	(2.871766e-01 8.522927e-02 1.000191e+00)
1261          	(2.893807e-01 8.538895e-02 1.000186e+00)
1262          	(2.918313e-01 8.557210e-02 1.000207e+00)
1263          	(2.941801e-01 8.547115e-02 1.000194e+00)
1264          	(2.964696e-01 8.591164e-02 1.000208e+00)
1265          	(2.984934e-01 8.634225e-02 1.000188e+00)
1266          	(3.009427e-01 8.653181e-02 1.000205e+00)
1267          	(3.033337e-01 8.677522e-02 1.000182e+00)
1268          	(3.059240e-01 8.701740e-02 1.000199e+00)
1269          	(3.084437e-01 8.716342e-02 1.000175e+00)
1270          	(3.108753e-01 8.693540e-02 1.000210e+00)
1271          	(3.133231e-01 8.720662e-02 1.000195e+00)
1272          	(3.158799e-01 8.740035e-02 1.000232e+00)
1273          	(3.184498e-01 8.770109e-02 1.000212e+00)
1274          	(3.209999e-01 8.794080e-02 1.000256e+00)
1275          	(3.233546e-01 8.808390e-02 1.000234e+00)
1276          	(3.260478e-01 8.865436e-02 1.000277e+00)
1277          	(3.283415e-01 8.888195e-02 1.000251e+00)
1278          	(3.308771e-01 8.904184e-02 1.000283e+00)
1279          	(3.334076e-01 8.925489e-02 1.000246e+00)
1280          	(3.360345e-01 8.953192e-02 1.000277e+00)
1281          	(3.383575e-01 8.981534e-02 1.000247e+00)
1282          	(3.404219e-01 8.991315e-02 1.000276e+00)
1283          	(3.431357e-01 9.033992e-02 1.000240e+00)
1284          	(3.452853e-01 9.115912e-02 1.000279e+00)
1285          	(3.479497e-01 9.186130e-02 1.000253e+00)
1286          	(3.504444e-01 9.223149e-02 1.000296e+00)
1287          	(3.518330e-01 9.381500e-02 1.000274e+00)
1288          	(3.545022e-01 9.411085e-02 1.000326e+00)
1289          	(3.574800e-01 9.474609e-02 1.000311e+00)
1290          	(3.592085e-01 9.586879e-02 1.000367e+00)
1291          	(3.618742e-01 9.628374e-02 1.000364e+00)
1292          	(3.645939e-01 9.636860e-02 1.000433e+00)
1293          	(3.674649e-01 9.647399e-02 1.000424e+00)
1294          	(3.702796e-01 9.686834e-02 1.000475e+00)
1295          	(3.733831e-01 9.730730e-02 1.000445e+00)
1296          	(3.762224e-01 9.807683e-02 1.000486e+00)
1297          	(3.784236e-01 9.843127e-02 1.000449e+00)
1298          	(3.810424e-01 9.909424e-02 1.000482e+00)
1299          	(3.842920e-01 9.914801e-02 1.000437e+00)
1300          	(3.867778e-01 9.948949e-02 1.000475e+00)
1301          	(3.895252e-01 1.004524e-01 1.000444e+00)
1302          	(3.921681e-01 1.002799e-01 1.000497e+00)
1303          	(3.951476e-01 1.002964e-01 1.000472e+00)
1304          	(3.982773e-01 1.007494e-01 1.000529e+00)
1305          	(4.012396e-01 1.006720e-01 1.000511e+00)
1306          	(4.036390e-01 1.006811e-01 1.000571e+00)
1307          	(4.063065e-01 1.008667e-01 1.000560e+00)
1308          	(4.094105e-01 1.013407e-01 1.000632e+00)
1309          	(4.121043e-01 1.020609e-01 1.000621e+00)
1310          	(4.152363e-01 1.025106e-01 1.000689e+00)
1311          	(4.176021e-01 1.036008e-01 1.000656e+00)
1312          	(4.203487e-01 1.047589e-01 1.000717e+00)
1313          	(4.232369e-01 1.054865e-01 1.000683e+00)
1314          	(4.262480e-01 1.065677e-01 1.000732e+00)
1315          	(4.289694e-01 1.073848e-01 1.000696e+00)
1316          	(4.321927e-01 1.079237e-01 1.000768e+00)
1317          	(4.352516e-01 1.085917e-01 1.000741e+00)
1318          	(4.384503e-01 1.089061e-01 1.000801e+00)
1319          	(4.416901e-01 1.094726e-01 1.000761e+00)
1320          	(4.440604e-01 1.102659e-01 1.000821e+00)
1321          	(4.472309e-01 1.109551e-01 1.000802e+00)
1322          	(4.514154e-01 1.102421e-01 1.000884e+00)
1323          	(4.544283e-01 1.111856e-01 1.000845e+00)
1324          	(4.577241e-01 1.118028e-01 1.000917e+00)
1325          	(4.603292e-01 1.128646e-01 1.000878e+00)
1326          	(4.633573e-01 1.135708e-01 1.000944e+00)
1327          	(4.665239e-01 1.151284e-01 1.000912e+00)
1328          	(4.700537e-01 1.158723e-01 1.000983e+00)
1329          	(4.735441e-01 1.165156e-01 1.000949e+00)
1330          	(4.769582e-01 1.165504e-01 1.001016e+00)
1331          	(4.799723e-01 1.175861e-01 1.000980e+00)
1332          	(4.832948e-01 1.181388e-01 1.001045e+00)
1333          	(4.868644e-01 1.193026e-01 1.000997e+00)
1334          	(4.900704e-01 1.204466e-01 1.001061e+00)
1335          	(4.935888e-01 1.214255e-01 1.001013e+00)
1336          	(4.971362e-01 1.223458e-01 1.001092e+00)
1337          	(5.008196e-01 1.232747e-01 1.001046e+00)
1338          	(5.047103e-01 1.239284e-01 1.001122e+00)
1339          	(5.082860e-01 1.249649e-01 1.001072e+00)
1340          	(5.121005e-01 1.256319e-01 1.001147e+00)
1341          	(5.152808e-01 1.252087e-01 1.001103e+00)
1342          	(5.190584e-01 1.261612e-01 1.001189e+00)
1343          	(5.222420e-01 1.249606e-01 1.001143e+00)
1344          	(5.260700e-01 1.258554e-01 1.001252e+00)
1345          	(5.297585e-01 1.259571e-01 1.001220e+00)
1346          	(5.338287e-01 1.269049e-01 1.001313e+00)
1347          	(5.379356e-01 1.278075e-01 1.001264e+00)
1348          	(5.421400e-01 1.283013e-01 1.001348e+00)
1349          	(5.462874e-01 1.290365e-01 1.001296e+00)
1350          	(5.500987e-01 1.300757e-01 1.001392e+00)
1351          	(5.537640e-01 1.314311e-01 1.001342e+00)
1352          	(5.577460e-01 1.328009e-01 1.001437e+00)
1353          	(5.620853e-01 1.339640e-01 1.001387e+00)
1354          	(5.664257e-01 1.348117e-01 1.001483e+00)
1355          	(5.707314e-01 1.362146e-01 1.001423e+00)
1356          	(5.750801e-01 1.372720e-01 1.001510e+00)
1357          	(5.795878e-01 1.381913e-01 1.001438e+00)
1358          	(5.839529e-01 1.391623e-01 1.001531e+00)
1359          	(5.884343e-01 1.399051e-01 1.001471e+00)
1360          	(5.927519e-01 1.408737e-01 1.001576e+00)
1361          	(5.971474e-01 1.419042e-01 1.001528e+00)
1362          	(6.016151e-01 1.426304e-01 1.001636e+00)
1363          	(6.058816e-01 1.432968e-01 1.001589e+00)
1364          	(6.107016e-01 1.441738e-01 1.001705e+00)
1365          	(6.152854e-01 1.452897e-01 1.001647e+00)
1366          	(6.199115e-01 1.461483e-01 1.001769e+00)
1367          	(6.246297e-01 1.470999e-01 1.001720e+00)
1368          	(6.294612e-01 1.476383e-01 1.001845e+00)
1369          	(6.344986e-01 1.486492e-01 1.001800e+00)
1370          	(6.390384e-01 1.495707e-01 1.001924e+00)
1371          	(6.442247e-01 1.503660e-01 1.001862e+00)
1372          	(6.490809e-01 1.513654e-01 1.001974e+00)
1373          	(6.540733e-01 1.520846e-01 1.001888e+00)
1374          	(6.589922e-01 1.531260e-01 1.002002e+00)
1375          	(6.643145e-01 1.545636e-01 1.001919e+00)
1376          	(6.695965e-01 1.552865e-01 1.002031e+00)
1377          	(6.749357e-01 1.560327e-01 1.001953e+00)
1378          	(6.805149e-01 1.569022e-01 1.002070e+00)
1379          	(6.849740e-01 1.572263e-01 1.001982e+00)
1380          	(6.906429e-01 1.583151e-01 1.002113e+00)
1381          	(6.960831e-01 1.582146e-01 1.002034e+00)
1382          	(7.015739e-01 1.590800e-01 1.002165e+00)
1383          	(7.071091e-01 1.597111e-01 1.002086e+00)
1384          	(7.129934e-01 1.607160e-01 1.002215e+00)
1385          	(7.186856e-01 1.610886e-01 1.002118e+00)
1386          	(7.243348e-01 1.619953e-01 1.002236e+00)
1387          	(7.302392e-01 1.625904e-01 1.002146e+00)
1388          	(7.359964e-01 1.635813e-01 1.002279e+00)
1389          	(7.418872e-01 1.639712e-01 1.002190e+00)
1390          	(7.478925e-01 1.649365e-01 1.002321e+00)
1391          	(7.535847e-01 1.661908e-01 1.002230e+00)
1392          	(7.596532e-01 1.668953e-01 1.002376e+00)
1393          	(7.654706e-01 1.680845e-01 1.002292e+00)
1394          	(7.714836e-01 1.692416e-01 1.002439e+00)
1395          	(7.777709e-01 1.698250e-01 1.002385e+00)
1396          	(7.843122e-01 1.708200e-01 1.002555e+00)
1397          	(7.910431e-01 1.721395e-01 1.002482e+00)
1398          	(7.975394e-01 1.733529e-01 1.002645e+00)
1399          	(8.039685e-01 1.744914e-01 1.002578e+00)
1400          	(8.104123e-01 1.756180e-01 1.002741e+00)
1401          	(8.174820e-01 1.768206e-01 1.002664e+00)
1402          	(8.239173e-01 1.778871e-01 1.002821e+00)
1403          	(8.306673e-01 1.788438e-01 1.002742e+00)
1404          	(8.372189e-01 1.801661e-01 1.002884e+00)
1405          	(8.441154e-01 1.812174e-01 1.002783e+00)
1406          	(8.508524e-01 1.821961e-01 1.002933e+00)
1407          	(8.577772e-01 1.828563e-01 1.002841e+00)
1408          	(8.644939e-01 1.834762e-01 1.002997e+00)
1409          	(8.713833e-01 1.846521e-01 1.002924e+00)
1410          	(8.784227e-01 1.861528e-01 1.003112e+00)
1411          	(8.862319e-01 1.878018e-01 1.003051e+00)
1412          	(8.932821e-01 1.884900e-01 1.003223e+00)
1413          	(9.006018e-01 1.898421e-01 1.003147e+00)
1414          	(9.082891e-01 1.915967e-01 1.003311e+00)
1415          	(9.156923e-01 1.923066e-01 1.003224e+00)
1416          	(9.228107e-01 1.934033e-01 1.003398e+00)
1417          	(9.306469e-01 1.955396e-01 1.003307e+00)
1418          	(9.386225e-01 1.966838e-01 1.003469e+00)
1419          	(9.460572e-01 1.981091e-01 1.003367e+00)
1420          	(9.539748e-01 1.994269e-01 1.003527e+00)
1421          	(9.621188e-01 2.008561e-01 1.003413e+00)
1422          	(9.704772e-01 2.026999e-01 1.003555e+00)
1423          	(9.783819e-01 2.043516e-01 1.003434e+00)
1424          	(9.859736e-01 2.055763e-01 1.003604e+00)
1425          	(9.938443e-01 2.070411e-01 1.003526e+00)
1426          	(1.002344e+00 2.081306e-01 1.003720e+00)
1427          	(1.011135e+00 2.098778e-01 1.003644e+00)
1428          	(1.019808e+00 2.115335e-01 1.003827e+00)
1429          	(1.028312e+00 2.132707e-01 1.003750e+00)
1430          	(1.037124e+00 2.151435e-01 1.003927e+00)
1431          	(1.046084e+00 2.166789e-01 1.003833e+00)
1432          	(1.054684e+00 2.183699e-01 1.004002e+00)
1433          	(1.063927e+00 2.202052e-01 1.003906e+00)
1434          	(1.073207e+00 2.221008e-01 1.004072e+00)
1435          	(1.082826e+00 2.241609e-01 1.003975e+00)
1436          	(1.092279e+00 2.254841e-01 1.004145e+00)
1437          	(1.101400e+00 2.273800e-01 1.004078e+00)
1438          	(1.111106e+00 2.291627e-01 1.004292e+00)
1439          	(1.120792e+00 2.307020e-01 1.004247e+00)
1440          	(1.130472e+00 2.324747e-01 1.004454e+00)
1441          	(1.140224e+00 2.341269e-01 1.004394e+00)
1442          	(1.149740e+00 2.353713e-01 1.004576e+00)
1443          	(1.159381e+00 2.373614e-01 1.004475e+00)
1444          	(1.169858e+00 2.393062e-01 1.004627e+00)
1445          	(1.179852e+00 2.410685e-01 1.004499e+00)
1446          	(1.190113e+00 2.435063e-01 1.004635e+00)
1447          	(1.200275e+00 2.455580e-01 1.004503e+00)
1448          	(1.210909e+00 2.474276e-01 1.004641e+00)
1449          	(1.221503e+00 2.493168e-01 1.004569e+00)
1450          	(1.232056e+00 2.514352e-01 1.004740e+00)
1451          	(1.243438e+00 2.538383e-01 1.004669e+00)
1452          	(1.255117e+00 2.566287e-01 1.004855e+00)
1453          	(1.266048e+00 2.587010e-01 1.004789e+00)
1454          	(1.277668e+00 2.610832e-01 1.004958e+00)
1455          	(1.288858e+00 2.627380e-01 1.004878e+00)
1456          	(1.300628e+00 2.650586e-01 1.005020e+00)
1457          	(1.312386e+00 2.673615e-01 1.004937e+00)
1458          	(1.324519e+00 2.695186e-01 1.005075e+00)
1459          	(1.336216e+00 2.717287e-01 1.004988e+00)
1460          	(1.348107e+00 2.737617e-01 1.005128e+00)
1461          	(1.360199e+00 2.758118e-01 1.005057e+00)
1462          	(1.372967e+00 2.780106e-01 1.005214e+00)
1463          	(1.385674e+00 2.804592e-01 1.005155e+00)
1464          	(1.398277e+00 2.828500e-01 1.005320e+00)
1465          	(1.410620e+00 2.853366e-01 1.005276e+00)
1466          	(1.423945e+00 2.877590e-01 1.005471e+00)
1467          	(1.436849e+00 2.902017e-01 1.005438e+00)
1468          	(1.450056e+00 2.927233e-01 1.005634e+00)
1469          	(1.462998e+00 2.954559e-01 1.005598e+00)
1470          	(1.476662e+00 2.981237e-01 1.005784e+00)
1471          	(1.490173e+00 3.008997e-01 1.005746e+00)
1472          	(1.504160e+00 3.038076e-01 1.005926e+00)
1473          	(1.517843e+00 3.065419e-01 1.005885e+00)
1474          	(1.531568e+00 3.088808e-01 1.006075e+00)
1475          	(1.545613e+00 3.117840e-01 1.006029e+00)
1476          	(1.559860e+00 3.142283e-01 1.006216e+00)
1477          	(1.574512e+00 3.174161e-01 1.006172e+00)
1478          	(1.589518e+00 3.202090e-01 1.006361e+00)
1479          	(1.603819e+00 3.228590e-01 1.006301e+00)
1480          	(1.618760e+00 3.256364e-01 1.006486e+00)
1481          	(1.633903e+00 3.283882e-01 1.006418e+00)
1482          	(1.648895e+00 3.312873e-01 1.006586e+00)
1483          	(1.664245e+00 3.342006e-01 1.006513e+00)
1484          	(1.679167e+00 3.365788e-01 1.006700e+00)
1485          	(1.695323e+00 3.403461e-01 1.006654e+00)
1486          	(1.711420e+00 3.431457e-01 1.006862e+00)
1487          	(1.727912e+00 3.462001e-01 1.006825e+00)
1488          	(1.744121e+00 3.495419e-01 1.007032e+00)
1489          	(1.760418e+00 3.522434e-01 1.007004e+00)
1490          	(1.775976e+00 3.554153e-01 1.007219e+00)
1491          	(1.792878e+00 3.587589e-01 1.007188e+00)
1492          	(1.810143e+00 3.619272e-01 1.007394e+00)
1493          	(1.827282e+00 3.650006e-01 1.007343e+00)
1494          	(1.843884e+00 3.681675e-01 1.007540e+00)
1495          	(1.860949e+00 3.712143e-01 1.007498e+00)
1496          	(1.878958e+00 3.745153e-01 1.007691e+00)
1497          	(1.895288e+00 3.772297e-01 1.007650e+00)
1498          	(1.912785e+00 3.806677e-01 1.007855e+00)
1499          	(1.930745e+00 3.840842e-01 1.007827e+00)
1500          	(1.950861e+00 3.861271e-01 1.008034e+00)
1501          	(1.969485e+00 3.894505e-01 1.008051e+00)
1502          	(1.988270e+00 3.925628e-01 1.008314e+00)
1503          	(2.007598e+00 3.963035e-01 1.008343e+00)
1504          	(2.027193e+00 4.001008e-01 1.008602e+00)
1505          	(2.046594e+00 4.030468e-01 1.008621e+00)
1506          	(2.066337e+00 4.065816e-01 1.008859e+00)
1507          	(2.086024e+00 4.100342e-01 1.008872e+00)
1508          	(2.105319e+00 4.134789e-01 1.009093e+00)
1509          	(2.126125e+00 4.177902e-01 1.009103e+00)
1510          	(2.146821e+00 4.217304e-01 1.009324e+00)
1511          	(2.167398e+00 4.254829e-01 1.009318e+00)
1512          	(2.188736e+00 4.298262e-01 1.009545e+00)
1513          	(2.209744e+00 4.342153e-01 1.009534e+00)
1514          	(2.231311e+00 4.379649e-01 1.009785e+00)
1515          	(2.252527e+00 4.415904e-01 1.009745e+00)
1516          	(2.274795e+00 4.454652e-01 1.009998e+00)
1517          	(2.297232e+00 4.495070e-01 1.009941e+00)
1518          	(2.320304e+00 4.537257e-01 1.010214e+00)
1519          	(2.343224e+00 4.580239e-01 1.010112e+00)
1520          	(2.366338e+00 4.617414e-01 1.010381e+00)
1521          	(2.389035e+00 4.656099e-01 1.010238e+00)
1522          	(2.412798e+00 4.695162e-01 1.010547e+00)
1523          	(2.435861e+00 4.738898e-01 1.010416e+00)
1524          	(2.460222e+00 4.786595e-01 1.010763e+00)
1525          	(2.483817e+00 4.831808e-01 1.010623e+00)
1526          	(2.508263e+00 4.879497e-01 1.010966e+00)
1527          	(2.531336e+00 4.912225e-01 1.010828e+00)
1528          	(2.555745e+00 4.952684e-01 1.011212e+00)
1529          	(2.581007e+00 4.997383e-01 1.011126e+00)
1530          	(2.606107e+00 5.043171e-01 1.011572e+00)
1531          	(2.630863e+00 5.082611e-01 1.011501e+00)
1532          	(2.657278e+00 5.140106e-01 1.011969e+00)
1533          	(2.681976e+00 5.185069e-01 1.011930e+00)
1534          	(2.707940e+00 5.227161e-01 1.012368e+00)
1535          	(2.734447e+00 5.275902e-01 1.012366e+00)
1536          	(2.761639e+00 5.327194e-01 1.012728e+00)
1537          	(2.788707e+00 5.372205e-01 1.012746e+00)
1538          	(2.816513e+00 5.422270e-01 1.013026e+00)
1539          	(2.844749e+00 5.476529e-01 1.013063e+00)
1540          	(2.873381e+00 5.528326e-01 1.013238e+00)
1541          	(2.902039e+00 5.575188e-01 1.013304e+00)
1542          	(2.931652e+00 5.626680e-01 1.013408e+00)
1543          	(2.960379e+00 5.675573e-01 1.013549e+00)
1544          	(2.990029e+00 5.724539e-01 1.013611e+00)
1545          	(3.020405e+00 5.775986e-01 1.013845e+00)
1546          	(3.050867e+00 5.823844e-01 1.013876e+00)
1547          	(3.081601e+00 5.878762e-01 1.014158e+00)
1548          	(3.112060e+00 5.926491e-01 1.014214e+00)
1549          	(3.142533e+00 5.975357e-01 1.014537e+00)
1550          	(3.175240e+00 6.040506e-01 1.014754e+00)
1551          	(3.206852e+00 6.095715e-01 1.015009e+00)
1552          	(3.240031e+00 6.159328e-01 1.015341e+00)
1553          	(3.271686e+00 6.215723e-01 1.015445e+00)
1554          	(3.306352e+00 6.273289e-01 1.015918e+00)
1555          	(3.339367e+00 6.327440e-01 1.015827e+00)
1556          	(3.374319e+00 6.387847e-01 1.016391e+00)
1557          	(3.408629e+00 6.445823e-01 1.016140e+00)
1558          	(3.444744e+00 6.500735e-01 1.016794e+00)
1559          	(3.480154e+00 6.563374e-01 1.016379e+00)
1560          	(3.516823e+00 6.630358e-01 1.017102e+00)
1561          	(3.552696e+00 6.703619e-01 1.016581e+00)
1562          	(3.589809e+00 6.768553e-01 1.017366e+00)
1563          	(3.626892e+00 6.839092e-01 1.016789e+00)
1564          	(3.664323e+00 6.916000e-01 1.017620e+00)
1565          	(3.702380e+00 6.984729e-01 1.017052e+00)
1566          	(3.740178e+00 7.050246e-01 1.017933e+00)
1567          	(3.779007e+00 7.123956e-01 1.017378e+00)
1568          	(3.818383e+00 7.192833e-01 1.018284e+00)
1569          	(3.858230e+00 7.264367e-01 1.017762e+00)
1570          	(3.898397e+00 7.337527e-01 1.018664e+00)
1571          	(3.938288e+00 7.414611e-01 1.018172e+00)
1572          	(3.982482e+00 7.450713e-01 1.019064e+00)
1573          	(4.024201e+00 7.526646e-01 1.018649e+00)
1574          	(4.066169e+00 7.599226e-01 1.019536e+00)
1575          	(4.111182e+00 7.641994e-01 1.019169e+00)
1576          	(4.153866e+00 7.718899e-01 1.020010e+00)
1577          	(4.197306e+00 7.797652e-01 1.019752e+00)
1578          	(4.240626e+00 7.883446e-01 1.020484e+00)
1579          	(4.285262e+00 7.958043e-01 1.020341e+00)
1580          	(4.329956e+00 8.040234e-01 1.020932e+00)
1581          	(4.375416e+00 8.120344e-01 1.020919e+00)
1582          	(4.421417e+00 8.196712e-01 1.021356e+00)
1583          	(4.467163e+00 8.282646e-01 1.021451e+00)
1584          	(4.514080e+00 8.365254e-01 1.021734e+00)
1585          	(4.561203e+00 8.445592e-01 1.021939e+00)
1586          	(4.609377e+00 8.531936e-01 1.022073e+00)
1587          	(4.657607e+00 8.609654e-01 1.022365e+00)
1588          	(4.707061e+00 8.695354e-01 1.022398e+00)
1589          	(4.756047e+00 8.777373e-01 1.022763e+00)
1590          	(4.806653e+00 8.865284e-01 1.022807e+00)
1591          	(4.856707e+00 8.946274e-01 1.023228e+00)
1592          	(4.908661e+00 9.035095e-01 1.023432e+00)
1593          	(4.959782e+00 9.117973e-01 1.023780e+00)
1594          	(5.012998e+00 9.204876e-01 1.024222e+00)
1595          	(5.065303e+00 9.290276e-01 1.024357e+00)
1596          	(5.119376e+00 9.386069e-01 1.025043e+00)
1597          	(5.172092e+00 9.479258e-01 1.024925e+00)
1598          	(5.227128e+00 9.576042e-01 1.025811e+00)
1599          	(5.282015e+00 9.669017e-01 1.025423e+00)
1600          	(5.338263e+00 9.758960e-01 1.026468e+00)
