# Region type : patch pressure_outlet
# Faces       : 1888
# Area        : 4.314365e-03
# Scale factor: 1.000000e+00
# Time        	areaAverage(U)
1             	(-4.773220e-02 2.522525e-02 1.005302e+00)
2             	(-4.766929e-02 2.579211e-02 1.009055e+00)
3             	(-4.759646e-02 2.618392e-02 1.011296e+00)
4             	(-4.747050e-02 2.641988e-02 1.012054e+00)
5             	(-4.730071e-02 2.652461e-02 1.011632e+00)
6             	(-4.710996e-02 2.655174e-02 1.010396e+00)
7             	(-4.689483e-02 2.651173e-02 1.008666e+00)
8             	(-4.666176e-02 2.641841e-02 1.006754e+00)
9             	(-4.640535e-02 2.626720e-02 1.004877e+00)
10            	(-4.616833e-02 2.609058e-02 1.003188e+00)
11            	(-4.593716e-02 2.591692e-02 1.001768e+00)
12            	(-4.570694e-02 2.574299e-02 1.000616e+00)
13            	(-4.546709e-02 2.557815e-02 9.997426e-01)
14            	(-4.522369e-02 2.541784e-02 9.991327e-01)
15            	(-4.498736e-02 2.525955e-02 9.987651e-01)
16            	(-4.476049e-02 2.509888e-02 9.986083e-01)
17            	(-4.454455e-02 2.493015e-02 9.986314e-01)
18            	(-4.434583e-02 2.475128e-02 9.988028e-01)
19            	(-4.415630e-02 2.456149e-02 9.990784e-01)
20            	(-4.396781e-02 2.435247e-02 9.994159e-01)
21            	(-4.378457e-02 2.412530e-02 9.997800e-01)
22            	(-4.360183e-02 2.387989e-02 1.000135e+00)
23            	(-4.341797e-02 2.361498e-02 1.000451e+00)
24            	(-4.323524e-02 2.332903e-02 1.000708e+00)
25            	(-4.305114e-02 2.302316e-02 1.000888e+00)
26            	(-4.286248e-02 2.269760e-02 1.000977e+00)
27            	(-4.266931e-02 2.235212e-02 1.000978e+00)
28            	(-4.246937e-02 2.199031e-02 1.000902e+00)
29            	(-4.226068e-02 2.161366e-02 1.000768e+00)
30            	(-4.204645e-02 2.122642e-02 1.000599e+00)
31            	(-4.182264e-02 2.083189e-02 1.000413e+00)
32            	(-4.159130e-02 2.043116e-02 1.000233e+00)
33            	(-4.135457e-02 2.002251e-02 1.000075e+00)
34            	(-4.111333e-02 1.960744e-02 9.999563e-01)
35            	(-4.087017e-02 1.918740e-02 9.998844e-01)
36            	(-4.062840e-02 1.876403e-02 9.998640e-01)
37            	(-4.038885e-02 1.833513e-02 9.998906e-01)
38            	(-4.015420e-02 1.790226e-02 9.999592e-01)
39            	(-3.992572e-02 1.746747e-02 1.000057e+00)
40            	(-3.970219e-02 1.703266e-02 1.000167e+00)
41            	(-3.949292e-02 1.659486e-02 1.000280e+00)
42            	(-3.929604e-02 1.615902e-02 1.000387e+00)
43            	(-3.911023e-02 1.571822e-02 1.000471e+00)
44            	(-3.893657e-02 1.528107e-02 1.000531e+00)
45            	(-3.877448e-02 1.484591e-02 1.000560e+00)
46            	(-3.856476e-02 1.444788e-02 1.000555e+00)
47            	(-3.842602e-02 1.402159e-02 1.000521e+00)
48            	(-3.829893e-02 1.360381e-02 1.000462e+00)
49            	(-3.818133e-02 1.319361e-02 1.000384e+00)
50            	(-3.807666e-02 1.279294e-02 1.000294e+00)
51            	(-3.798118e-02 1.240729e-02 1.000202e+00)
52            	(-3.787621e-02 1.203451e-02 1.000117e+00)
53            	(-3.779325e-02 1.167927e-02 1.000048e+00)
54            	(-3.769377e-02 1.135515e-02 1.000001e+00)
55            	(-3.762183e-02 1.103480e-02 9.999797e-01)
56            	(-3.756755e-02 1.072874e-02 9.999813e-01)
57            	(-3.750358e-02 1.044410e-02 1.000003e+00)
58            	(-3.744645e-02 1.017816e-02 1.000037e+00)
59            	(-3.739250e-02 9.932089e-03 1.000080e+00)
60            	(-3.734048e-02 9.706040e-03 1.000126e+00)
61            	(-3.730690e-02 9.549911e-03 1.000170e+00)
62            	(-3.724042e-02 9.387276e-03 1.000213e+00)
63            	(-3.719842e-02 9.226952e-03 1.000253e+00)
64            	(-3.714887e-02 9.079420e-03 1.000284e+00)
65            	(-3.713486e-02 8.952629e-03 1.000306e+00)
66            	(-3.708345e-02 8.852369e-03 1.000325e+00)
67            	(-3.703045e-02 8.772913e-03 1.000330e+00)
68            	(-3.697163e-02 8.716615e-03 1.000324e+00)
69            	(-3.690842e-02 8.684084e-03 1.000307e+00)
70            	(-3.683989e-02 8.675874e-03 1.000281e+00)
71            	(-3.676564e-02 8.691660e-03 1.000249e+00)
72            	(-3.668274e-02 8.732597e-03 1.000214e+00)
73            	(-3.659128e-02 8.800391e-03 1.000174e+00)
74            	(-3.649179e-02 8.893426e-03 1.000135e+00)
75            	(-3.638092e-02 9.010712e-03 1.000098e+00)
76            	(-3.625936e-02 9.152991e-03 1.000067e+00)
77            	(-3.612281e-02 9.317911e-03 1.000040e+00)
78            	(-3.597305e-02 9.510680e-03 1.000022e+00)
79            	(-3.581203e-02 9.754506e-03 1.000011e+00)
80            	(-3.563330e-02 9.993878e-03 1.000012e+00)
81            	(-3.544069e-02 1.026162e-02 1.000017e+00)
82            	(-3.523708e-02 1.055452e-02 1.000020e+00)
83            	(-3.501985e-02 1.088302e-02 1.000026e+00)
84            	(-3.470719e-02 1.130738e-02 1.000034e+00)
85            	(-3.449605e-02 1.171707e-02 1.000044e+00)
86            	(-3.425004e-02 1.212192e-02 1.000057e+00)
87            	(-3.395045e-02 1.258495e-02 1.000072e+00)
88            	(-3.368577e-02 1.304562e-02 1.000090e+00)
89            	(-3.340926e-02 1.353342e-02 1.000104e+00)
90            	(-3.311091e-02 1.410151e-02 1.000115e+00)
91            	(-3.280947e-02 1.464384e-02 1.000123e+00)
92            	(-3.253573e-02 1.521140e-02 1.000126e+00)
93            	(-3.223006e-02 1.579975e-02 1.000128e+00)
94            	(-3.189631e-02 1.640205e-02 1.000123e+00)
95            	(-3.156819e-02 1.716420e-02 1.000113e+00)
96            	(-3.130560e-02 1.784949e-02 1.000102e+00)
97            	(-3.096257e-02 1.860043e-02 1.000089e+00)
98            	(-3.059919e-02 1.927853e-02 1.000079e+00)
99            	(-3.024183e-02 1.998592e-02 1.000068e+00)
100           	(-2.986005e-02 2.069197e-02 1.000058e+00)
