# Region type : patch pressure_outlet
# Faces       : 11534
# Area        : 3.696967e-03
# Scale factor: 1.000000e+00
# Time        	areaAverage(U)
1             	(-1.610598e-06 -1.187140e-06 9.724893e-04)
2             	(-6.751712e-07 -6.453532e-07 1.015595e-03)
3             	(-2.784239e-07 5.171879e-08 1.027456e-03)
4             	(-6.534320e-06 -1.384445e-05 1.560605e-03)
5             	(-8.658526e-05 1.037574e-04 8.270039e-03)
6             	(-3.770609e-04 4.148250e-04 2.622602e-02)
7             	(-3.883487e-04 2.332277e-04 -2.139406e-05)
8             	(-2.849065e-04 -3.685373e-05 -8.320884e-03)
9             	(-2.288404e-04 -5.289156e-05 1.445041e-02)
10            	(-7.303138e-05 3.482011e-05 1.738520e-02)
11            	(1.083535e-05 3.493991e-04 6.308673e-03)
12            	(5.711299e-05 5.360324e-04 -7.269213e-03)
13            	(-9.812094e-05 6.269363e-04 -1.693114e-02)
14            	(-1.611382e-04 4.276268e-04 -9.175560e-03)
15            	(-2.968598e-04 1.713039e-04 3.594181e-03)
16            	(-3.888918e-04 1.975258e-04 2.476366e-03)
17            	(-4.478890e-04 4.832024e-05 -3.625141e-04)
18            	(-7.212704e-04 -5.411997e-05 -6.541583e-04)
19            	(-9.913795e-04 7.447784e-05 1.690846e-03)
20            	(-1.188189e-03 2.501197e-04 4.220100e-03)
21            	(-1.261087e-03 5.304292e-04 4.238965e-03)
22            	(-1.007059e-03 8.315111e-04 1.768385e-03)
23            	(-6.747281e-04 1.094100e-03 -9.978523e-04)
24            	(-1.765503e-04 1.315957e-03 -2.406931e-03)
25            	(2.009714e-04 1.754306e-03 -1.534733e-03)
26            	(6.516585e-04 2.354367e-03 1.392065e-03)
27            	(1.031072e-03 2.967490e-03 5.574024e-03)
28            	(1.342981e-03 3.450395e-03 8.513062e-03)
29            	(1.442600e-03 3.779462e-03 8.527197e-03)
30            	(1.575173e-03 3.704528e-03 6.605928e-03)
31            	(1.786553e-03 3.442375e-03 4.305887e-03)
32            	(1.903012e-03 3.159611e-03 2.733488e-03)
33            	(1.830871e-03 2.880647e-03 2.464744e-03)
34            	(1.691239e-03 2.512738e-03 2.530433e-03)
35            	(1.535267e-03 2.080859e-03 2.008838e-03)
36            	(1.451998e-03 1.561379e-03 1.466595e-03)
37            	(1.395105e-03 9.970208e-04 1.556249e-03)
38            	(1.249894e-03 4.786275e-04 1.633606e-03)
39            	(1.085851e-03 5.832444e-05 1.551923e-03)
40            	(8.431909e-04 -3.003165e-04 1.301906e-03)
41            	(6.242743e-04 -5.581597e-04 1.108598e-03)
42            	(3.802226e-04 -5.915333e-04 1.197641e-03)
43            	(9.600482e-05 -5.641570e-04 1.221302e-03)
44            	(-1.550989e-04 -6.053100e-04 1.254228e-03)
45            	(-3.298643e-04 -5.696430e-04 1.230477e-03)
46            	(-2.669209e-04 -3.520878e-04 1.364020e-03)
47            	(2.328435e-04 1.076844e-04 1.036840e-03)
48            	(6.040327e-04 3.699626e-04 7.845994e-04)
49            	(9.704687e-04 1.163359e-03 1.388424e-03)
50            	(1.237277e-03 -1.445101e-04 1.656689e-03)
51            	(-6.696640e-04 2.456302e-03 -1.453693e-02)
52            	(2.023949e-03 2.242604e-03 1.629669e-02)
53            	(3.128825e-03 4.563002e-03 1.400387e-02)
54            	(3.508024e-03 4.185051e-03 7.729059e-03)
55            	(3.966648e-03 4.089094e-03 1.551948e-04)
56            	(4.521047e-03 4.327490e-03 -5.470442e-03)
57            	(5.156442e-03 4.583862e-03 -6.882882e-03)
58            	(5.886942e-03 4.130119e-03 -3.938112e-03)
59            	(6.507670e-03 3.903564e-03 3.313359e-03)
60            	(7.148974e-03 3.965478e-03 6.303738e-03)
61            	(7.539050e-03 3.881865e-03 5.451444e-03)
62            	(7.643415e-03 3.689705e-03 2.972005e-03)
63            	(7.801723e-03 3.704170e-03 1.554599e-04)
64            	(7.566624e-03 3.777147e-03 -3.554730e-04)
65            	(6.867293e-03 3.593901e-03 1.301175e-03)
66            	(5.717243e-03 3.229106e-03 2.164216e-03)
67            	(4.613926e-03 2.483859e-03 2.519520e-03)
68            	(3.871599e-03 1.465904e-03 2.309402e-03)
69            	(3.423544e-03 4.542169e-04 2.341906e-03)
70            	(3.003213e-03 -5.228740e-04 2.418671e-03)
71            	(2.816882e-03 -1.346896e-03 1.818365e-03)
72            	(2.764399e-03 -2.017916e-03 1.357674e-03)
73            	(2.607420e-03 -2.331273e-03 1.595437e-03)
74            	(2.222690e-03 -2.645891e-03 1.657236e-03)
75            	(1.581441e-03 -2.873114e-03 1.662225e-03)
76            	(9.213619e-04 -2.922783e-03 1.200302e-03)
77            	(4.637285e-04 -2.705677e-03 1.278775e-03)
78            	(1.561608e-04 -2.534413e-03 1.685782e-03)
79            	(-1.136822e-04 -2.498324e-03 1.610317e-03)
80            	(-3.286659e-04 -2.518210e-03 1.195908e-03)
81            	(-5.647316e-04 -2.435745e-03 9.781370e-04)
82            	(-8.151203e-04 -2.466376e-03 1.004409e-03)
83            	(-9.965747e-04 -2.602115e-03 1.071477e-03)
84            	(-1.145416e-03 -2.972608e-03 1.033520e-03)
85            	(-1.311889e-03 -3.669382e-03 1.502659e-03)
86            	(-1.572635e-03 -4.268724e-03 1.387874e-03)
87            	(-1.751554e-03 -4.887064e-03 1.542221e-03)
88            	(-1.921908e-03 -5.242389e-03 1.453957e-03)
89            	(-2.035159e-03 -5.473100e-03 1.328488e-03)
90            	(-2.035538e-03 -5.461490e-03 1.231886e-03)
91            	(-1.817572e-03 -5.370070e-03 1.251041e-03)
92            	(-1.370473e-03 -5.257799e-03 1.310127e-03)
93            	(-8.533422e-04 -5.185777e-03 1.500989e-03)
94            	(-3.802608e-04 -5.022161e-03 1.462805e-03)
95            	(-9.147199e-05 -4.890393e-03 1.305366e-03)
96            	(6.376188e-05 -4.633935e-03 1.368571e-03)
97            	(1.901470e-04 -4.536093e-03 1.192837e-03)
98            	(2.224163e-04 -4.198326e-03 1.748775e-03)
99            	(9.477518e-04 -4.347746e-03 -6.419072e-07)
100           	(-1.059191e-03 -2.425301e-03 6.278046e-03)
101           	(8.952195e-04 -5.320195e-03 -1.590190e-02)
102           	(1.270932e-03 -3.693511e-03 6.699162e-04)
103           	(2.732109e-03 -5.187058e-03 9.880525e-03)
104           	(3.843406e-03 -5.731197e-03 6.588658e-03)
105           	(4.495468e-03 -6.085678e-03 5.042810e-03)
106           	(4.545493e-03 -6.015025e-03 3.147617e-03)
107           	(4.097017e-03 -5.725689e-03 5.068484e-04)
108           	(3.379916e-03 -5.077093e-03 -2.256572e-03)
109           	(2.448641e-03 -4.336800e-03 -1.507810e-03)
110           	(1.490161e-03 -3.452496e-03 -1.193002e-03)
111           	(7.509551e-04 -2.604419e-03 -1.101106e-03)
112           	(5.980193e-05 -1.884802e-03 -6.108687e-04)
113           	(-5.436221e-04 -1.038698e-03 9.276010e-04)
114           	(-1.067429e-03 -3.852838e-04 2.896268e-03)
115           	(-1.647685e-03 4.271745e-04 2.996187e-03)
116           	(-2.167699e-03 8.681347e-04 2.008734e-03)
117           	(-2.733496e-03 1.361930e-03 1.653586e-03)
118           	(-3.219355e-03 1.905297e-03 1.792899e-03)
119           	(-3.723877e-03 2.321329e-03 1.662976e-03)
120           	(-4.044848e-03 2.722148e-03 1.059443e-03)
121           	(-4.431935e-03 3.092594e-03 6.988872e-04)
122           	(-4.897906e-03 3.485187e-03 9.209551e-04)
123           	(-5.347220e-03 3.877198e-03 1.109199e-03)
124           	(-5.827015e-03 4.215381e-03 1.124027e-03)
125           	(-6.280088e-03 4.513898e-03 1.270249e-03)
126           	(-6.570388e-03 4.745463e-03 1.567849e-03)
127           	(-6.681859e-03 4.899826e-03 1.553845e-03)
128           	(-6.748266e-03 5.048337e-03 1.277672e-03)
129           	(-6.719723e-03 5.146614e-03 1.279970e-03)
130           	(-6.621909e-03 5.257395e-03 1.368809e-03)
131           	(-6.409751e-03 5.309466e-03 1.275888e-03)
132           	(-6.092105e-03 5.349713e-03 1.353304e-03)
133           	(-5.807173e-03 5.340644e-03 1.459753e-03)
134           	(-5.546310e-03 5.245292e-03 1.318850e-03)
135           	(-5.238769e-03 5.086966e-03 1.632419e-03)
136           	(-5.136804e-03 4.847040e-03 1.442936e-03)
137           	(-4.987214e-03 4.525987e-03 1.450423e-03)
138           	(-5.609845e-03 4.492201e-03 2.855397e-03)
139           	(-5.065515e-03 2.487945e-03 -3.541076e-03)
140           	(-1.247079e-03 4.225748e-03 4.804340e-04)
141           	(1.771390e-03 -4.229391e-04 4.087539e-02)
142           	(1.724300e-03 -1.208212e-03 1.667693e-02)
143           	(2.442571e-03 -2.167613e-03 -7.963035e-03)
144           	(3.725107e-03 -2.900595e-03 -1.897517e-02)
145           	(4.204578e-03 -2.969552e-03 -1.412651e-02)
146           	(4.906929e-03 -2.875373e-03 -3.723179e-03)
147           	(5.075542e-03 -3.054711e-03 4.341739e-04)
148           	(5.553664e-03 -3.001714e-03 2.301214e-03)
149           	(5.816252e-03 -2.746497e-03 5.555225e-03)
150           	(5.664930e-03 -2.022202e-03 5.919387e-03)
151           	(5.824916e-03 -1.387174e-03 2.937594e-03)
152           	(5.982761e-03 -9.596942e-04 1.823943e-03)
153           	(5.974394e-03 -6.466008e-04 2.758260e-03)
154           	(6.004520e-03 -2.392682e-04 2.278434e-03)
155           	(6.226335e-03 1.495947e-04 6.877847e-04)
156           	(6.520791e-03 2.696571e-04 5.337252e-04)
157           	(6.583051e-03 2.736244e-04 2.057625e-03)
158           	(6.589227e-03 1.843122e-04 2.709489e-03)
159           	(6.495007e-03 4.323824e-05 2.279459e-03)
160           	(6.306870e-03 -2.409580e-04 1.787368e-03)
161           	(6.125298e-03 -6.264093e-04 2.212429e-03)
162           	(6.115578e-03 -9.103796e-04 2.075467e-03)
163           	(5.854750e-03 -1.051279e-03 1.572285e-03)
164           	(5.539078e-03 -1.271507e-03 1.679270e-03)
165           	(5.242349e-03 -1.603017e-03 1.919336e-03)
166           	(5.075259e-03 -1.878385e-03 1.589907e-03)
167           	(5.000245e-03 -1.953959e-03 1.444823e-03)
168           	(4.917677e-03 -1.853033e-03 1.898044e-03)
169           	(4.811859e-03 -1.646632e-03 1.015485e-03)
170           	(3.701158e-03 -1.371780e-03 2.056021e-03)
171           	(4.238482e-03 -1.236845e-03 3.284975e-04)
172           	(-1.120182e-03 -2.138339e-03 -6.126421e-03)
173           	(6.528793e-03 -3.593451e-03 5.219289e-02)
174           	(7.425347e-03 -4.954981e-03 3.810497e-02)
175           	(8.137980e-03 -5.833939e-03 2.314907e-02)
176           	(8.708310e-03 -6.566730e-03 5.588026e-03)
177           	(8.929594e-03 -7.119639e-03 -8.048889e-03)
178           	(8.960873e-03 -7.669038e-03 -1.769537e-02)
179           	(8.946498e-03 -8.233104e-03 -2.024582e-02)
180           	(9.103204e-03 -8.742026e-03 -1.442309e-02)
181           	(8.972924e-03 -9.091021e-03 -6.213242e-03)
182           	(8.723119e-03 -9.361319e-03 1.031181e-03)
183           	(8.389991e-03 -9.201388e-03 5.492656e-03)
184           	(8.082256e-03 -9.200724e-03 6.559416e-03)
185           	(7.688165e-03 -9.044542e-03 4.990286e-03)
186           	(7.552802e-03 -8.794782e-03 2.307722e-03)
187           	(7.444881e-03 -8.434775e-03 7.798531e-04)
188           	(7.524188e-03 -7.922411e-03 1.227994e-03)
189           	(7.425093e-03 -7.308546e-03 3.626025e-03)
190           	(7.541097e-03 -6.945353e-03 4.807468e-03)
191           	(7.972165e-03 -6.677513e-03 5.341807e-03)
192           	(8.724822e-03 -6.558757e-03 4.303726e-03)
193           	(9.257559e-03 -6.729060e-03 2.276762e-03)
194           	(9.707704e-03 -6.786254e-03 2.801257e-04)
195           	(9.942833e-03 -6.894973e-03 -3.598701e-04)
196           	(9.955849e-03 -6.721378e-03 7.855912e-04)
197           	(9.862105e-03 -6.362589e-03 2.593154e-03)
198           	(9.679820e-03 -6.011325e-03 3.614025e-03)
199           	(9.592773e-03 -5.820493e-03 3.428400e-03)
200           	(9.431013e-03 -5.787551e-03 2.921279e-03)
201           	(9.171322e-03 -5.818787e-03 2.571843e-03)
202           	(8.632727e-03 -6.091887e-03 2.320840e-03)
203           	(7.986947e-03 -6.405883e-03 2.305362e-03)
204           	(7.481029e-03 -6.857079e-03 2.232312e-03)
205           	(7.046777e-03 -7.419600e-03 2.069612e-03)
206           	(6.699479e-03 -7.769898e-03 2.005362e-03)
207           	(6.448032e-03 -8.178788e-03 2.030618e-03)
208           	(6.231456e-03 -8.649667e-03 2.223990e-03)
209           	(6.005371e-03 -9.170732e-03 2.090369e-03)
210           	(6.025355e-03 -9.350412e-03 1.627947e-03)
211           	(6.139193e-03 -9.206440e-03 1.217151e-03)
212           	(6.105042e-03 -9.006000e-03 1.118988e-03)
213           	(5.859145e-03 -8.744562e-03 1.282958e-03)
214           	(5.513834e-03 -8.501857e-03 1.444926e-03)
215           	(5.142886e-03 -8.391546e-03 1.460436e-03)
216           	(4.791033e-03 -8.301822e-03 1.379857e-03)
217           	(4.496062e-03 -8.195490e-03 1.447190e-03)
218           	(4.215261e-03 -8.147400e-03 1.506967e-03)
219           	(3.921551e-03 -8.097417e-03 1.500129e-03)
220           	(3.618954e-03 -8.124157e-03 1.510350e-03)
221           	(3.266373e-03 -8.199422e-03 1.619751e-03)
222           	(2.869804e-03 -8.332438e-03 1.829130e-03)
223           	(2.613313e-03 -8.434117e-03 1.774078e-03)
224           	(2.488718e-03 -8.374684e-03 1.493962e-03)
225           	(2.457847e-03 -8.275408e-03 1.319986e-03)
226           	(2.493442e-03 -8.146370e-03 1.180624e-03)
227           	(2.623736e-03 -7.952416e-03 1.085925e-03)
228           	(2.735403e-03 -7.738720e-03 1.108906e-03)
229           	(2.893333e-03 -7.446571e-03 1.172702e-03)
230           	(3.048254e-03 -7.146908e-03 1.251718e-03)
231           	(3.208728e-03 -6.796927e-03 1.342146e-03)
232           	(3.374657e-03 -6.424026e-03 1.436186e-03)
233           	(3.473868e-03 -6.026777e-03 1.377189e-03)
234           	(3.468648e-03 -5.664542e-03 1.304628e-03)
235           	(3.409255e-03 -5.286099e-03 1.332382e-03)
236           	(3.269797e-03 -4.907617e-03 1.394365e-03)
237           	(3.080448e-03 -4.560981e-03 1.463189e-03)
238           	(2.790538e-03 -4.237223e-03 1.539661e-03)
239           	(2.412840e-03 -3.917150e-03 1.589250e-03)
240           	(2.076081e-03 -3.628293e-03 1.547284e-03)
241           	(1.736583e-03 -3.343511e-03 1.531005e-03)
242           	(1.365648e-03 -3.163613e-03 1.404619e-03)
243           	(1.023513e-03 -3.026546e-03 1.118738e-03)
244           	(7.338188e-04 -2.922938e-03 1.023764e-03)
245           	(4.232057e-04 -2.785930e-03 1.058576e-03)
246           	(1.301590e-04 -2.648503e-03 1.152587e-03)
247           	(-1.297000e-04 -2.464266e-03 1.159445e-03)
248           	(-3.524433e-04 -2.306822e-03 1.144718e-03)
249           	(-5.233207e-04 -2.085540e-03 1.080641e-03)
250           	(-6.236699e-04 -1.902149e-03 1.045904e-03)
251           	(-7.026696e-04 -1.663100e-03 1.009705e-03)
252           	(-7.461017e-04 -1.436493e-03 1.036755e-03)
253           	(-7.636743e-04 -1.165887e-03 9.283999e-04)
254           	(-7.991718e-04 -8.847174e-04 9.703994e-04)
255           	(-8.837655e-04 -5.360531e-04 1.053828e-03)
256           	(-1.130796e-03 -1.943684e-04 1.141572e-03)
257           	(-1.454377e-03 1.280122e-04 1.362799e-03)
258           	(-1.919649e-03 3.395328e-04 1.247157e-03)
259           	(-2.113066e-03 4.628800e-04 1.135549e-03)
260           	(-2.157057e-03 4.560287e-04 1.120716e-03)
261           	(-2.083551e-03 4.023172e-04 1.135276e-03)
262           	(-1.994053e-03 3.827388e-04 1.189399e-03)
263           	(-1.918335e-03 4.066392e-04 1.234336e-03)
264           	(-1.855663e-03 4.427742e-04 1.361597e-03)
265           	(-1.761634e-03 5.659767e-04 1.433154e-03)
266           	(-1.581300e-03 7.861504e-04 1.532317e-03)
267           	(-1.419052e-03 9.501362e-04 1.635208e-03)
268           	(-1.531285e-03 6.421840e-04 1.388026e-03)
269           	(-1.877088e-03 1.484602e-04 1.910872e-03)
270           	(-2.210518e-03 -5.344639e-04 1.307449e-03)
271           	(-2.469872e-03 -1.969694e-03 -8.076884e-04)
272           	(-3.185480e-03 5.275063e-03 2.017867e-02)
273           	(-3.291956e-03 4.961184e-03 4.113718e-03)
274           	(-3.610886e-03 4.724337e-03 -4.248678e-03)
275           	(-3.517840e-03 5.744811e-03 -3.747594e-03)
276           	(-3.217124e-03 7.179486e-03 -1.302312e-03)
277           	(-2.944046e-03 8.703645e-03 4.933364e-04)
278           	(-2.530972e-03 1.015235e-02 1.042517e-03)
279           	(-2.575914e-03 1.105345e-02 1.407286e-03)
280           	(-2.632023e-03 1.183577e-02 1.889493e-03)
281           	(-2.598008e-03 1.259089e-02 2.587735e-03)
282           	(-2.703810e-03 1.377220e-02 4.217795e-03)
283           	(-3.064193e-03 1.476628e-02 3.331056e-03)
284           	(-3.201441e-03 1.553030e-02 1.572367e-03)
285           	(-3.032644e-03 1.633571e-02 3.171360e-04)
286           	(-2.677638e-03 1.660625e-02 -2.019682e-04)
287           	(-2.107829e-03 1.662063e-02 2.316532e-04)
288           	(-1.672949e-03 1.653486e-02 1.361296e-03)
289           	(-1.249808e-03 1.617765e-02 2.028516e-03)
290           	(-6.182219e-04 1.549711e-02 1.853062e-03)
291           	(1.795241e-04 1.463063e-02 1.266185e-03)
292           	(8.235230e-04 1.372234e-02 9.926201e-04)
293           	(1.314976e-03 1.314223e-02 1.246482e-03)
294           	(1.446717e-03 1.250121e-02 1.175725e-03)
295           	(1.161588e-03 1.178852e-02 1.117466e-03)
296           	(6.262251e-04 1.089781e-02 1.174385e-03)
297           	(-4.488107e-06 9.932384e-03 1.331746e-03)
298           	(-6.351085e-04 9.049062e-03 1.441834e-03)
299           	(-1.154214e-03 8.438768e-03 1.415949e-03)
300           	(-1.565289e-03 8.126000e-03 1.274874e-03)
301           	(-1.861908e-03 8.057401e-03 1.268194e-03)
302           	(-2.176012e-03 8.266374e-03 1.381958e-03)
303           	(-2.396557e-03 8.467803e-03 1.514742e-03)
304           	(-2.542075e-03 8.671880e-03 1.148578e-03)
305           	(-2.583810e-03 8.723455e-03 1.014450e-03)
306           	(-2.634112e-03 8.733443e-03 1.067683e-03)
307           	(-2.662667e-03 8.690365e-03 1.140016e-03)
308           	(-2.676554e-03 8.584913e-03 9.986804e-04)
309           	(-2.737095e-03 8.460102e-03 1.021896e-03)
310           	(-2.770369e-03 8.281182e-03 1.077557e-03)
311           	(-2.797919e-03 8.056606e-03 1.119598e-03)
312           	(-2.776922e-03 7.769382e-03 1.067430e-03)
313           	(-2.763570e-03 7.416968e-03 1.075412e-03)
314           	(-2.757132e-03 7.078068e-03 1.140442e-03)
315           	(-2.709565e-03 6.662552e-03 1.110232e-03)
316           	(-2.671634e-03 6.196100e-03 1.149812e-03)
317           	(-2.758407e-03 5.795850e-03 1.318140e-03)
318           	(-2.934566e-03 5.363294e-03 1.437719e-03)
319           	(-2.973472e-03 4.917797e-03 1.323684e-03)
320           	(-2.874990e-03 3.679938e-03 1.471908e-03)
321           	(-2.274070e-03 4.925531e-03 5.124359e-04)
322           	(-1.102965e-03 -5.100277e-04 -2.493424e-03)
323           	(-6.139482e-03 6.036325e-03 7.190053e-02)
324           	(-6.440745e-03 1.033406e-02 4.542215e-02)
325           	(-5.672270e-03 1.150920e-02 2.089092e-02)
326           	(-4.557576e-03 1.264124e-02 -2.575534e-03)
327           	(-3.772437e-03 1.367254e-02 -1.497777e-02)
328           	(-3.302548e-03 1.370965e-02 -2.030678e-02)
329           	(-3.557577e-03 1.299171e-02 -1.202270e-02)
330           	(-4.610037e-03 1.106867e-02 3.170645e-03)
331           	(-5.761270e-03 8.660233e-03 7.142840e-03)
332           	(-6.187567e-03 6.910304e-03 1.041180e-03)
333           	(-6.086265e-03 5.582562e-03 -2.843171e-03)
334           	(-5.989888e-03 4.512392e-03 -2.477397e-03)
335           	(-5.913048e-03 3.500113e-03 3.248169e-04)
336           	(-5.383421e-03 2.716026e-03 2.238622e-03)
337           	(-5.045936e-03 1.676585e-03 4.178646e-03)
338           	(-4.952788e-03 8.108887e-04 4.050603e-03)
339           	(-5.013498e-03 1.701143e-04 2.717205e-03)
340           	(-4.796919e-03 -6.388641e-04 2.719766e-03)
341           	(-4.424563e-03 -2.170286e-03 4.257192e-03)
342           	(-4.005014e-03 -3.763237e-03 5.999789e-03)
343           	(-3.256397e-03 -5.173864e-03 5.867463e-03)
344           	(-2.577888e-03 -5.642391e-03 4.200295e-03)
345           	(-1.952989e-03 -5.926288e-03 2.394221e-03)
346           	(-1.375238e-03 -6.462385e-03 1.194046e-03)
347           	(-6.479736e-04 -7.228563e-03 1.493120e-03)
348           	(-1.037243e-04 -8.251367e-03 2.040976e-03)
349           	(6.218238e-04 -9.265930e-03 2.455682e-03)
350           	(1.330118e-03 -1.016551e-02 2.477442e-03)
351           	(1.879180e-03 -1.097135e-02 2.760427e-03)
352           	(2.216428e-03 -1.173814e-02 3.051141e-03)
353           	(2.254733e-03 -1.234066e-02 3.516025e-03)
354           	(2.188839e-03 -1.306426e-02 3.860590e-03)
355           	(2.143809e-03 -1.372464e-02 3.911703e-03)
356           	(2.053180e-03 -1.430557e-02 3.449851e-03)
357           	(2.065594e-03 -1.475466e-02 2.670292e-03)
358           	(2.188142e-03 -1.501359e-02 1.896227e-03)
359           	(2.406563e-03 -1.518370e-02 1.621157e-03)
360           	(2.649628e-03 -1.526980e-02 1.533875e-03)
361           	(2.896243e-03 -1.530697e-02 1.636666e-03)
362           	(3.053886e-03 -1.525237e-02 1.603039e-03)
363           	(3.190507e-03 -1.515564e-02 1.663777e-03)
364           	(3.157091e-03 -1.500974e-02 1.801142e-03)
365           	(2.994885e-03 -1.486725e-02 2.019943e-03)
366           	(2.714134e-03 -1.474974e-02 2.134891e-03)
367           	(2.424891e-03 -1.471605e-02 1.984129e-03)
368           	(2.173114e-03 -1.479457e-02 1.610980e-03)
369           	(2.056979e-03 -1.482212e-02 1.265939e-03)
370           	(1.973068e-03 -1.490690e-02 1.240013e-03)
371           	(1.939541e-03 -1.500152e-02 1.436144e-03)
372           	(1.861424e-03 -1.526328e-02 1.670447e-03)
373           	(1.906313e-03 -1.565796e-02 1.858343e-03)
374           	(1.919813e-03 -1.608824e-02 1.878841e-03)
375           	(1.997746e-03 -1.633787e-02 1.622217e-03)
376           	(2.124854e-03 -1.634430e-02 1.307701e-03)
377           	(2.314049e-03 -1.629772e-02 1.208429e-03)
378           	(2.599358e-03 -1.605628e-02 1.192190e-03)
379           	(2.896170e-03 -1.577219e-02 1.261623e-03)
380           	(3.154447e-03 -1.530761e-02 1.287125e-03)
381           	(3.307296e-03 -1.485609e-02 1.442688e-03)
382           	(3.341835e-03 -1.420810e-02 1.603073e-03)
383           	(3.189401e-03 -1.375902e-02 1.621209e-03)
384           	(2.897281e-03 -1.352519e-02 1.456225e-03)
385           	(2.559603e-03 -1.333329e-02 1.379904e-03)
386           	(2.193238e-03 -1.307407e-02 1.438264e-03)
387           	(1.798825e-03 -1.274672e-02 1.393243e-03)
388           	(1.501732e-03 -1.251788e-02 1.291048e-03)
389           	(1.344098e-03 -1.210838e-02 1.150275e-03)
390           	(1.237256e-03 -1.152699e-02 1.167538e-03)
391           	(1.158567e-03 -1.076220e-02 1.320890e-03)
392           	(1.076355e-03 -9.950843e-03 1.398152e-03)
393           	(9.683925e-04 -9.076449e-03 1.451050e-03)
394           	(8.505149e-04 -8.264541e-03 1.423894e-03)
395           	(6.678065e-04 -7.625447e-03 1.241134e-03)
396           	(3.741468e-04 -6.986492e-03 1.262532e-03)
397           	(9.483891e-05 -6.460039e-03 1.297744e-03)
398           	(-2.239422e-04 -5.947393e-03 1.358191e-03)
399           	(-4.281077e-04 -5.451088e-03 1.335939e-03)
400           	(-5.991260e-04 -4.907055e-03 1.457945e-03)
401           	(-5.980141e-04 -4.243483e-03 1.274756e-03)
402           	(-5.596364e-04 -3.706633e-03 1.136698e-03)
403           	(-4.851449e-04 -3.362840e-03 1.176746e-03)
404           	(-3.867891e-04 -3.069213e-03 1.168153e-03)
405           	(-2.496950e-04 -2.888330e-03 1.178150e-03)
406           	(-1.090351e-04 -2.704970e-03 1.082000e-03)
407           	(5.590485e-05 -2.554378e-03 1.071792e-03)
408           	(2.225847e-04 -2.376949e-03 1.057206e-03)
409           	(3.583717e-04 -2.222135e-03 1.029079e-03)
410           	(5.530603e-04 -2.033448e-03 1.072304e-03)
411           	(6.460889e-04 -1.903999e-03 1.045387e-03)
412           	(7.505130e-04 -1.765189e-03 1.109761e-03)
413           	(8.488078e-04 -1.700810e-03 1.127017e-03)
414           	(8.795421e-04 -1.710803e-03 1.148898e-03)
415           	(9.154187e-04 -1.782899e-03 1.099609e-03)
416           	(8.928661e-04 -1.925011e-03 1.054220e-03)
417           	(8.887331e-04 -2.079942e-03 1.039046e-03)
418           	(8.560206e-04 -2.252402e-03 1.029604e-03)
419           	(8.094604e-04 -2.444745e-03 1.027240e-03)
420           	(7.516336e-04 -2.634460e-03 1.058883e-03)
421           	(6.768491e-04 -2.794306e-03 1.082286e-03)
422           	(6.171355e-04 -2.966905e-03 1.073870e-03)
423           	(5.128991e-04 -3.110759e-03 1.095455e-03)
424           	(4.129293e-04 -3.269545e-03 1.109378e-03)
425           	(2.741921e-04 -3.449042e-03 1.158776e-03)
426           	(1.321533e-04 -3.677910e-03 1.175706e-03)
427           	(6.475684e-06 -3.877859e-03 1.216545e-03)
428           	(-8.531608e-05 -4.010005e-03 1.041201e-03)
429           	(-1.600039e-04 -4.078727e-03 9.952452e-04)
430           	(-2.253412e-04 -4.126220e-03 1.013445e-03)
431           	(-2.827954e-04 -4.156162e-03 1.031107e-03)
432           	(-3.322117e-04 -4.178907e-03 1.043070e-03)
433           	(-3.794923e-04 -4.196542e-03 1.046269e-03)
434           	(-4.203756e-04 -4.201898e-03 1.047065e-03)
435           	(-4.571693e-04 -4.186885e-03 1.038630e-03)
436           	(-4.868966e-04 -4.177228e-03 1.040772e-03)
437           	(-5.041977e-04 -4.166696e-03 1.039629e-03)
438           	(-5.180998e-04 -4.153480e-03 1.045747e-03)
439           	(-5.222226e-04 -4.140140e-03 1.043588e-03)
440           	(-5.188416e-04 -4.124145e-03 1.039328e-03)
441           	(-5.035599e-04 -4.112042e-03 1.031380e-03)
442           	(-4.832341e-04 -4.100334e-03 1.028080e-03)
443           	(-4.550882e-04 -4.092083e-03 1.023587e-03)
444           	(-4.201302e-04 -4.079709e-03 1.020837e-03)
445           	(-3.803733e-04 -4.068614e-03 1.018931e-03)
446           	(-3.385619e-04 -4.066621e-03 1.019268e-03)
447           	(-2.944583e-04 -4.069333e-03 1.016793e-03)
448           	(-2.516523e-04 -4.068363e-03 1.016269e-03)
449           	(-2.077605e-04 -4.064270e-03 1.016582e-03)
450           	(-1.627467e-04 -4.057519e-03 1.016007e-03)
451           	(-1.236271e-04 -4.050361e-03 1.012120e-03)
452           	(-8.560328e-05 -4.041328e-03 1.012362e-03)
453           	(-4.683186e-05 -4.027956e-03 1.012083e-03)
454           	(-6.735990e-06 -4.020448e-03 1.010848e-03)
455           	(3.189166e-05 -4.012255e-03 1.011428e-03)
456           	(6.958443e-05 -4.000358e-03 1.009966e-03)
457           	(1.041901e-04 -3.989438e-03 9.951194e-04)
458           	(1.379522e-04 -3.978373e-03 1.010020e-03)
459           	(1.746216e-04 -3.964848e-03 1.014028e-03)
460           	(2.090688e-04 -3.946159e-03 1.000244e-03)
461           	(2.348194e-04 -3.925389e-03 1.013315e-03)
462           	(2.711666e-04 -3.920034e-03 1.019687e-03)
463           	(2.987280e-04 -3.900071e-03 1.003270e-03)
464           	(3.325832e-04 -3.881625e-03 1.015863e-03)
465           	(3.552192e-04 -3.858701e-03 1.017708e-03)
466           	(3.783686e-04 -3.834965e-03 1.016098e-03)
467           	(3.938916e-04 -3.790687e-03 9.972371e-04)
468           	(4.158286e-04 -3.754042e-03 1.021681e-03)
469           	(4.216999e-04 -3.695981e-03 1.017600e-03)
470           	(4.343991e-04 -3.656839e-03 1.003158e-03)
471           	(4.326293e-04 -3.592508e-03 1.020182e-03)
472           	(4.474009e-04 -3.545545e-03 1.017139e-03)
473           	(4.668701e-04 -3.519190e-03 9.973641e-04)
474           	(4.848293e-04 -3.489806e-03 1.018576e-03)
475           	(5.012691e-04 -3.448777e-03 1.022437e-03)
476           	(5.148102e-04 -3.413615e-03 1.000564e-03)
477           	(5.206481e-04 -3.375170e-03 1.020727e-03)
478           	(5.324847e-04 -3.329492e-03 1.019041e-03)
479           	(5.402892e-04 -3.297697e-03 9.973932e-04)
480           	(5.459837e-04 -3.264865e-03 1.020037e-03)
481           	(5.786165e-04 -3.240020e-03 1.015647e-03)
482           	(5.873798e-04 -3.210713e-03 9.995509e-04)
483           	(6.114482e-04 -3.182587e-03 1.019978e-03)
484           	(6.493885e-04 -3.152849e-03 1.007672e-03)
485           	(6.699474e-04 -3.130272e-03 9.851451e-04)
486           	(7.043202e-04 -3.106248e-03 9.932704e-04)
487           	(7.268537e-04 -3.085431e-03 9.971129e-04)
488           	(7.531502e-04 -3.062452e-03 9.922075e-04)
489           	(7.818855e-04 -3.049762e-03 9.776288e-04)
490           	(8.067027e-04 -3.007850e-03 9.783483e-04)
491           	(8.315506e-04 -2.976448e-03 9.830243e-04)
492           	(8.520250e-04 -2.951952e-03 9.887342e-04)
493           	(8.705692e-04 -2.930761e-03 9.923032e-04)
494           	(8.992148e-04 -2.893838e-03 9.915396e-04)
495           	(9.353354e-04 -2.862593e-03 9.705650e-04)
496           	(9.856535e-04 -2.832535e-03 1.006559e-03)
497           	(1.023513e-03 -2.802702e-03 1.000745e-03)
498           	(1.081811e-03 -2.781605e-03 1.025465e-03)
499           	(1.118405e-03 -2.747242e-03 1.002672e-03)
500           	(1.164001e-03 -2.726802e-03 1.017690e-03)
501           	(1.195247e-03 -2.693193e-03 1.037322e-03)
502           	(1.239554e-03 -2.679661e-03 1.043393e-03)
503           	(1.260938e-03 -2.634137e-03 1.037530e-03)
504           	(1.278322e-03 -2.603046e-03 1.036998e-03)
505           	(1.317052e-03 -2.574554e-03 1.046042e-03)
506           	(1.352693e-03 -2.544423e-03 1.062118e-03)
507           	(1.376142e-03 -2.488580e-03 1.052398e-03)
508           	(1.413106e-03 -2.458940e-03 1.054022e-03)
509           	(1.439086e-03 -2.396336e-03 1.066129e-03)
510           	(1.452524e-03 -2.356933e-03 1.077716e-03)
511           	(1.477762e-03 -2.318770e-03 1.089753e-03)
512           	(1.438835e-03 -2.317816e-03 1.066929e-03)
513           	(1.401633e-03 -2.324487e-03 1.054062e-03)
514           	(1.312318e-03 -2.330082e-03 1.043880e-03)
515           	(1.219369e-03 -2.345102e-03 1.026246e-03)
516           	(1.124608e-03 -2.370930e-03 1.006712e-03)
517           	(1.025970e-03 -2.414199e-03 9.919937e-04)
518           	(9.242548e-04 -2.435564e-03 9.821736e-04)
519           	(8.323157e-04 -2.461361e-03 9.780666e-04)
520           	(7.477115e-04 -2.488406e-03 9.782864e-04)
521           	(6.847898e-04 -2.512325e-03 9.851812e-04)
522           	(6.240692e-04 -2.513445e-03 9.772333e-04)
523           	(5.772365e-04 -2.525036e-03 9.740580e-04)
524           	(5.428612e-04 -2.536351e-03 9.746397e-04)
525           	(5.176859e-04 -2.551585e-03 9.743577e-04)
526           	(5.073081e-04 -2.564453e-03 9.776817e-04)
527           	(4.918201e-04 -2.566950e-03 9.736044e-04)
528           	(4.854135e-04 -2.566829e-03 9.726496e-04)
529           	(4.872427e-04 -2.563885e-03 9.712759e-04)
530           	(4.903931e-04 -2.561214e-03 9.670195e-04)
531           	(5.029099e-04 -2.559535e-03 9.673733e-04)
532           	(5.034435e-04 -2.565797e-03 9.789159e-04)
533           	(5.007383e-04 -2.575509e-03 9.726960e-04)
534           	(4.948625e-04 -2.589791e-03 9.705501e-04)
535           	(4.898081e-04 -2.601532e-03 9.739536e-04)
536           	(4.773055e-04 -2.614539e-03 9.779693e-04)
537           	(4.673414e-04 -2.619958e-03 9.593169e-04)
538           	(4.531617e-04 -2.615552e-03 9.711300e-04)
539           	(4.434293e-04 -2.615306e-03 9.744337e-04)
540           	(4.223164e-04 -2.608994e-03 9.695081e-04)
541           	(4.051730e-04 -2.622193e-03 9.840218e-04)
542           	(3.852453e-04 -2.642446e-03 9.905280e-04)
543           	(3.628471e-04 -2.660495e-03 9.945782e-04)
544           	(3.465035e-04 -2.666754e-03 9.986037e-04)
545           	(3.175573e-04 -2.690646e-03 1.008960e-03)
546           	(2.891437e-04 -2.707135e-03 1.009269e-03)
547           	(2.578747e-04 -2.723976e-03 9.979563e-04)
548           	(2.203524e-04 -2.735915e-03 9.996078e-04)
549           	(1.908225e-04 -2.740485e-03 1.005177e-03)
550           	(1.812944e-04 -2.727886e-03 1.009460e-03)
551           	(1.803841e-04 -2.712768e-03 1.017212e-03)
552           	(1.816801e-04 -2.692110e-03 1.012910e-03)
553           	(1.990778e-04 -2.661961e-03 1.017307e-03)
554           	(2.237335e-04 -2.628498e-03 1.027713e-03)
555           	(2.407993e-04 -2.602651e-03 1.027606e-03)
556           	(2.639424e-04 -2.581540e-03 1.033067e-03)
557           	(2.889907e-04 -2.553807e-03 1.042175e-03)
558           	(3.123506e-04 -2.521366e-03 1.041717e-03)
559           	(3.285506e-04 -2.489709e-03 1.046827e-03)
560           	(3.449361e-04 -2.462344e-03 1.044946e-03)
561           	(3.541864e-04 -2.436525e-03 1.043233e-03)
562           	(3.609142e-04 -2.408900e-03 1.040223e-03)
563           	(3.632829e-04 -2.383235e-03 1.036287e-03)
564           	(3.572746e-04 -2.363892e-03 1.031590e-03)
565           	(3.496093e-04 -2.345362e-03 1.026819e-03)
566           	(3.311747e-04 -2.331947e-03 9.906374e-04)
567           	(3.004938e-04 -2.317053e-03 1.027096e-03)
568           	(2.666461e-04 -2.307685e-03 9.862755e-04)
569           	(2.305482e-04 -2.289324e-03 1.011078e-03)
570           	(1.817469e-04 -2.285883e-03 9.918992e-04)
571           	(1.404244e-04 -2.261593e-03 1.005390e-03)
572           	(8.360666e-05 -2.288075e-03 9.766565e-04)
573           	(3.851074e-05 -2.206429e-03 1.029980e-03)
574           	(-7.657391e-06 -2.357110e-03 9.495486e-04)
575           	(1.144305e-05 -1.891991e-03 1.095644e-03)
576           	(-1.329094e-04 -3.117164e-03 4.796847e-04)
577           	(1.496249e-04 -1.794962e-03 1.831757e-03)
578           	(-4.188838e-04 -1.974926e-03 7.827864e-04)
579           	(-3.722012e-04 -5.630753e-03 -2.535548e-04)
580           	(3.059342e-04 -3.485868e-03 7.799317e-04)
581           	(5.071791e-04 -2.170426e-03 1.353699e-02)
582           	(2.136856e-03 -5.630891e-04 -7.140827e-03)
583           	(2.290054e-03 4.066588e-04 6.785301e-03)
584           	(1.086246e-03 1.379182e-03 -3.458163e-03)
585           	(2.616927e-03 2.599947e-03 1.291519e-03)
586           	(-1.706870e-03 3.512041e-03 4.639687e-03)
587           	(-6.764287e-04 4.005400e-03 -2.996622e-03)
588           	(-6.105660e-04 4.380029e-03 2.488760e-03)
589           	(-1.051209e-03 5.199269e-03 8.122338e-05)
590           	(-1.285302e-03 5.291445e-03 1.461450e-03)
591           	(-2.443516e-04 4.993539e-03 2.800040e-03)
592           	(5.952832e-05 5.276266e-03 -2.995615e-04)
593           	(1.256875e-03 3.925671e-03 4.136283e-03)
594           	(2.511673e-03 3.097670e-03 2.596593e-03)
595           	(4.914486e-03 6.092734e-04 2.563210e-03)
596           	(5.981441e-03 -6.306143e-04 -4.164431e-04)
597           	(5.759614e-03 -4.241626e-04 2.814317e-04)
598           	(5.484456e-03 -2.256908e-04 -8.164980e-04)
599           	(5.204945e-03 -3.278086e-04 1.957773e-03)
600           	(4.306409e-03 -1.151368e-03 2.446341e-03)
601           	(5.179528e-03 -1.474500e-03 2.416759e-03)
602           	(4.823848e-03 -1.992090e-03 -2.047808e-03)
603           	(3.724499e-03 -3.189939e-03 9.885833e-03)
604           	(4.736697e-03 -4.668849e-03 2.235672e-03)
605           	(4.913008e-03 -5.289520e-03 -1.050905e-03)
606           	(4.866320e-03 -4.456218e-03 5.722894e-03)
607           	(4.472405e-03 -3.797741e-03 3.459757e-03)
608           	(4.248522e-03 -3.060624e-03 -2.702554e-03)
609           	(4.107328e-03 -2.376371e-03 -3.988499e-03)
610           	(3.696983e-03 -1.791831e-03 1.032840e-03)
611           	(3.505948e-03 -1.353546e-03 4.279307e-03)
612           	(3.756123e-03 -1.056944e-03 3.458762e-03)
613           	(3.798351e-03 -9.107553e-04 1.981479e-03)
614           	(3.533063e-03 -7.751047e-04 1.363948e-03)
615           	(3.279494e-03 -6.406475e-04 1.333396e-03)
616           	(3.252024e-03 -4.040292e-04 1.147048e-03)
617           	(3.141058e-03 -2.144129e-04 9.767175e-04)
618           	(2.914053e-03 -2.372472e-04 1.504154e-03)
619           	(2.651754e-03 -2.381818e-04 1.959372e-03)
620           	(2.489439e-03 1.033836e-05 1.932706e-03)
621           	(2.302250e-03 6.174764e-04 1.456388e-03)
622           	(2.264849e-03 1.124953e-03 1.686175e-03)
623           	(1.993112e-03 1.536836e-03 1.660932e-03)
624           	(1.656484e-03 1.972196e-03 1.761190e-03)
625           	(1.396465e-03 2.397135e-03 1.375468e-03)
626           	(5.836481e-04 2.602852e-03 1.112367e-03)
627           	(5.603134e-04 3.048255e-03 1.674427e-03)
628           	(1.372661e-04 3.416233e-03 -3.909019e-03)
629           	(2.948957e-03 2.423710e-03 1.072639e-02)
630           	(3.331229e-03 1.673549e-03 5.489316e-03)
631           	(1.488789e-03 1.275589e-03 6.051542e-03)
632           	(3.765380e-04 1.842864e-03 4.587746e-03)
633           	(-5.068908e-04 2.196554e-03 3.309880e-04)
634           	(-1.212108e-03 2.494312e-03 -3.493291e-03)
635           	(-1.727145e-03 2.786963e-03 -3.310226e-03)
636           	(-1.950628e-03 3.434143e-03 -1.039441e-04)
637           	(-1.852338e-03 3.860536e-03 1.348220e-03)
638           	(-1.672531e-03 4.340114e-03 2.266576e-03)
639           	(-2.021897e-03 4.660160e-03 2.243967e-03)
640           	(-2.589749e-03 5.207364e-03 2.439612e-03)
641           	(-3.352737e-03 5.946542e-03 3.086852e-03)
642           	(-3.852743e-03 5.909322e-03 2.699018e-03)
643           	(-3.747075e-03 5.493989e-03 1.612730e-03)
644           	(-4.049159e-03 5.883517e-03 9.172932e-04)
645           	(-4.477445e-03 6.412075e-03 3.289208e-04)
646           	(-4.773818e-03 6.724723e-03 9.748018e-04)
647           	(-5.387184e-03 7.019110e-03 1.779330e-03)
648           	(-6.149471e-03 7.271342e-03 1.724923e-03)
649           	(-6.622510e-03 7.481350e-03 1.441854e-03)
650           	(-6.797944e-03 7.822819e-03 1.623396e-03)
651           	(-6.777974e-03 8.201592e-03 1.561965e-03)
652           	(-6.794962e-03 8.713827e-03 1.600578e-03)
653           	(-6.925886e-03 9.309282e-03 1.916939e-03)
654           	(-6.991702e-03 9.813007e-03 1.570597e-03)
655           	(-6.949606e-03 9.823154e-03 1.344257e-03)
656           	(-6.756284e-03 9.441452e-03 1.145386e-03)
657           	(-6.553184e-03 8.884391e-03 1.297577e-03)
658           	(-6.360762e-03 8.184408e-03 1.207011e-03)
659           	(-6.010802e-03 7.547983e-03 1.348967e-03)
660           	(-5.949503e-03 6.844202e-03 1.181854e-03)
661           	(-4.211783e-03 6.424006e-03 1.199365e-03)
662           	(-7.253544e-03 5.455701e-03 3.120443e-03)
663           	(-3.956386e-03 6.493847e-03 -2.166043e-02)
664           	(1.654020e-03 3.934995e-03 3.323059e-02)
665           	(1.402762e-03 4.102768e-03 3.362621e-02)
666           	(1.571716e-03 3.887911e-03 1.607999e-02)
667           	(1.608132e-03 3.203752e-03 -2.634259e-03)
668           	(1.971743e-03 2.499178e-03 -1.415678e-02)
669           	(2.137148e-03 1.962433e-03 -1.587889e-02)
670           	(2.225819e-03 1.328579e-03 -9.820120e-03)
671           	(2.960613e-03 6.923021e-04 -2.473347e-03)
672           	(4.032467e-03 3.604562e-04 3.358496e-03)
673           	(5.092412e-03 -5.708445e-05 5.804138e-03)
674           	(6.290331e-03 -3.409776e-04 7.073216e-03)
675           	(7.406568e-03 -8.228173e-04 7.831640e-03)
676           	(8.451756e-03 -1.352204e-03 6.133471e-03)
677           	(9.108199e-03 -1.679475e-03 2.682657e-03)
678           	(9.556410e-03 -1.988744e-03 -1.186552e-03)
679           	(9.832778e-03 -2.149611e-03 -2.967138e-03)
680           	(9.983309e-03 -2.392919e-03 -2.041565e-03)
681           	(9.983928e-03 -2.450800e-03 8.676574e-04)
682           	(9.922212e-03 -2.550604e-03 3.203401e-03)
683           	(9.368163e-03 -2.519487e-03 3.381765e-03)
684           	(8.570871e-03 -2.301329e-03 2.256191e-03)
685           	(7.821107e-03 -1.917338e-03 1.046682e-03)
686           	(7.018188e-03 -1.617070e-03 8.329910e-04)
687           	(6.405279e-03 -1.648514e-03 1.778788e-03)
688           	(5.824163e-03 -1.904294e-03 2.844709e-03)
689           	(5.351047e-03 -2.159133e-03 3.290268e-03)
690           	(4.865424e-03 -2.240076e-03 2.942240e-03)
691           	(4.380730e-03 -2.396438e-03 2.436019e-03)
692           	(3.884862e-03 -2.435613e-03 2.185963e-03)
693           	(3.388316e-03 -2.598491e-03 1.910767e-03)
694           	(2.966115e-03 -2.773477e-03 1.475431e-03)
695           	(2.635413e-03 -3.029344e-03 1.114263e-03)
696           	(2.360087e-03 -3.198027e-03 9.864272e-04)
697           	(2.257061e-03 -3.521319e-03 1.222323e-03)
698           	(2.363836e-03 -3.979063e-03 1.551854e-03)
699           	(2.653460e-03 -4.641902e-03 1.845809e-03)
700           	(2.825382e-03 -5.558816e-03 1.986003e-03)
701           	(2.643478e-03 -6.567428e-03 2.028821e-03)
702           	(2.344911e-03 -7.419255e-03 1.625098e-03)
703           	(2.062829e-03 -7.912119e-03 1.469259e-03)
704           	(1.739739e-03 -8.210847e-03 1.483947e-03)
705           	(1.481583e-03 -8.337210e-03 1.548595e-03)
706           	(1.298104e-03 -8.434927e-03 1.616860e-03)
707           	(1.164605e-03 -8.539860e-03 1.663547e-03)
708           	(8.201306e-04 -8.576151e-03 1.418742e-03)
709           	(4.410425e-04 -8.681580e-03 1.247003e-03)
710           	(-4.225534e-05 -8.761737e-03 1.132725e-03)
711           	(-5.299126e-04 -8.852968e-03 1.095580e-03)
712           	(-9.216460e-04 -8.870803e-03 1.147053e-03)
713           	(-1.233065e-03 -8.835510e-03 1.205804e-03)
714           	(-1.426474e-03 -8.802332e-03 1.240046e-03)
715           	(-1.612863e-03 -8.701221e-03 1.247093e-03)
716           	(-1.766380e-03 -8.601269e-03 1.174154e-03)
717           	(-1.926803e-03 -8.488337e-03 1.218658e-03)
718           	(-2.069413e-03 -8.347850e-03 1.174486e-03)
719           	(-2.182877e-03 -8.207600e-03 1.152426e-03)
720           	(-2.249136e-03 -8.052582e-03 1.140257e-03)
721           	(-2.309229e-03 -7.910825e-03 1.155139e-03)
722           	(-2.373221e-03 -7.770349e-03 1.186075e-03)
723           	(-2.426562e-03 -7.560025e-03 1.232894e-03)
724           	(-2.501074e-03 -7.301385e-03 1.245742e-03)
725           	(-2.544557e-03 -7.051474e-03 1.230211e-03)
726           	(-2.545155e-03 -6.760493e-03 1.319166e-03)
727           	(-2.522480e-03 -6.480049e-03 1.306340e-03)
728           	(-2.507474e-03 -6.186802e-03 1.299351e-03)
729           	(-2.475517e-03 -5.924298e-03 1.374833e-03)
730           	(-2.380654e-03 -5.742003e-03 1.389546e-03)
731           	(-2.240451e-03 -5.645089e-03 1.374754e-03)
732           	(-2.057517e-03 -5.607719e-03 1.335422e-03)
733           	(-1.897632e-03 -5.593212e-03 1.251204e-03)
734           	(-1.724114e-03 -5.569979e-03 1.292143e-03)
735           	(-1.623265e-03 -5.456659e-03 1.220241e-03)
736           	(-1.584352e-03 -5.300302e-03 1.274237e-03)
737           	(-1.528420e-03 -5.044715e-03 1.221637e-03)
738           	(-1.569131e-03 -4.832057e-03 1.271267e-03)
739           	(-1.594385e-03 -4.512715e-03 1.140355e-03)
740           	(-1.501767e-03 -4.269254e-03 1.092516e-03)
741           	(-1.368658e-03 -3.976193e-03 1.002513e-03)
742           	(-1.244874e-03 -3.758190e-03 1.159387e-03)
743           	(-1.055487e-03 -3.688306e-03 8.657972e-04)
744           	(-7.828479e-04 -3.732989e-03 5.997295e-04)
745           	(-1.459953e-03 -1.805022e-03 5.616522e-03)
746           	(-5.162301e-04 -3.494856e-03 -9.119919e-03)
747           	(-2.229720e-03 -5.317112e-03 4.456474e-03)
748           	(1.766206e-05 -5.496425e-03 1.175363e-02)
749           	(-1.909774e-04 -3.603075e-03 -1.478565e-03)
750           	(-6.728961e-04 -4.072742e-03 -2.472312e-03)
751           	(-4.234469e-04 -3.678758e-03 1.426213e-04)
752           	(9.922266e-05 -1.962773e-03 -1.018383e-03)
753           	(1.172646e-03 -1.542509e-06 2.540342e-03)
754           	(1.810680e-03 1.442685e-03 1.567282e-03)
755           	(2.514158e-03 2.517419e-03 -9.422847e-04)
756           	(3.748502e-03 2.737001e-03 2.956075e-03)
757           	(1.934868e-03 5.189936e-03 -4.531084e-03)
758           	(6.377358e-03 8.115052e-05 2.015331e-02)
759           	(6.864282e-03 2.628119e-04 1.197912e-02)
760           	(6.109415e-03 3.802777e-04 3.600477e-03)
761           	(5.439610e-03 1.150205e-03 6.431644e-04)
762           	(5.120995e-03 1.413211e-03 -1.564527e-03)
763           	(4.793465e-03 1.946725e-03 -2.912419e-03)
764           	(4.324495e-03 2.985427e-03 -4.474539e-03)
765           	(3.300362e-03 4.087541e-03 -2.263683e-03)
766           	(2.459966e-03 4.807590e-03 1.970318e-03)
767           	(1.868185e-03 5.458202e-03 2.908541e-03)
768           	(1.690029e-03 6.520239e-03 1.681141e-03)
769           	(1.428612e-03 7.259678e-03 2.588002e-03)
770           	(1.224538e-03 8.095194e-03 3.357119e-03)
771           	(1.485359e-03 8.872963e-03 1.654954e-03)
772           	(1.735582e-03 9.375421e-03 9.494305e-04)
773           	(1.828778e-03 9.808985e-03 1.686688e-03)
774           	(1.982416e-03 1.003926e-02 2.204469e-03)
775           	(2.208328e-03 1.031564e-02 2.042958e-03)
776           	(2.580121e-03 1.021043e-02 1.667927e-03)
777           	(3.053113e-03 9.676665e-03 1.846793e-03)
778           	(3.628749e-03 9.093522e-03 1.951567e-03)
779           	(4.243110e-03 8.527837e-03 2.207222e-03)
780           	(4.834329e-03 8.101753e-03 2.103733e-03)
781           	(5.039448e-03 7.317521e-03 1.682999e-03)
782           	(4.748546e-03 6.455638e-03 1.428627e-03)
783           	(4.161874e-03 5.550596e-03 7.214326e-04)
784           	(3.758181e-03 4.561451e-03 8.737988e-04)
785           	(3.289211e-03 3.648508e-03 1.203103e-03)
786           	(2.695563e-03 2.843534e-03 1.187188e-03)
787           	(2.158552e-03 2.219988e-03 1.124160e-03)
788           	(1.831778e-03 1.750626e-03 1.207942e-03)
789           	(1.534904e-03 1.379223e-03 1.376812e-03)
790           	(1.189317e-03 1.019558e-03 1.356216e-03)
791           	(8.969814e-04 7.123362e-04 1.428374e-03)
792           	(6.892893e-04 5.031546e-04 1.403256e-03)
793           	(5.360677e-04 3.052918e-04 1.299658e-03)
794           	(4.530928e-04 1.595600e-04 1.260726e-03)
795           	(4.345962e-04 8.962944e-05 1.210987e-03)
796           	(4.239848e-04 5.314365e-05 1.145718e-03)
797           	(4.153111e-04 -1.979243e-05 1.162228e-03)
798           	(3.899980e-04 -8.755046e-05 1.233797e-03)
799           	(3.728624e-04 -1.562032e-04 1.228253e-03)
800           	(3.685630e-04 -2.296816e-04 1.209659e-03)
801           	(3.620268e-04 -2.882969e-04 1.219961e-03)
802           	(3.530402e-04 -3.314027e-04 1.080707e-03)
803           	(3.521810e-04 -4.045404e-04 1.178626e-03)
804           	(3.477358e-04 -3.655025e-04 1.048326e-03)
805           	(3.307350e-04 -5.324417e-04 8.855796e-04)
806           	(4.649368e-04 -2.765569e-04 1.781147e-03)
807           	(3.216885e-04 -7.786414e-05 -1.116081e-03)
808           	(9.345407e-04 -1.517688e-03 3.270257e-03)
809           	(2.883810e-04 1.349617e-03 -6.886207e-03)
810           	(6.882586e-05 9.325166e-04 1.906720e-02)
811           	(-1.737639e-03 2.054566e-03 1.322915e-02)
812           	(-3.060111e-03 2.592041e-03 5.788694e-03)
813           	(-4.276957e-03 2.571971e-03 -3.644914e-03)
814           	(-5.252966e-03 2.682947e-03 -6.366343e-03)
815           	(-6.881847e-03 2.922081e-03 -1.059507e-03)
816           	(-8.775999e-03 2.127642e-03 1.447291e-03)
817           	(-9.727131e-03 1.049158e-03 -6.575489e-04)
818           	(-9.966060e-03 3.146796e-04 1.192069e-04)
819           	(-1.022719e-02 -2.361919e-04 1.993959e-03)
820           	(-1.050277e-02 -9.469055e-04 1.443602e-03)
821           	(-1.050018e-02 -1.512377e-03 3.991322e-04)
822           	(-1.017171e-02 -1.816256e-03 5.799585e-04)
823           	(-9.991775e-03 -2.018610e-03 2.094607e-03)
824           	(-9.867780e-03 -2.286506e-03 2.274501e-03)
825           	(-9.490205e-03 -2.725233e-03 1.801524e-03)
826           	(-8.746830e-03 -2.877189e-03 1.697458e-03)
827           	(-7.791863e-03 -2.618043e-03 2.301334e-03)
828           	(-6.899158e-03 -2.443322e-03 1.590129e-03)
829           	(-5.891685e-03 -2.531284e-03 7.056878e-04)
830           	(-5.109786e-03 -2.725939e-03 1.142524e-03)
831           	(-4.560363e-03 -3.333810e-03 1.681707e-03)
832           	(-4.305042e-03 -4.176334e-03 1.442179e-03)
833           	(-4.040763e-03 -4.887520e-03 1.447316e-03)
834           	(-3.954819e-03 -5.311559e-03 1.592580e-03)
835           	(-3.749166e-03 -5.680398e-03 1.565852e-03)
836           	(-3.542722e-03 -6.007189e-03 1.370517e-03)
837           	(-3.317845e-03 -6.172011e-03 1.338133e-03)
838           	(-3.155653e-03 -6.344056e-03 1.443736e-03)
839           	(-3.013377e-03 -6.509284e-03 1.452725e-03)
840           	(-2.967033e-03 -6.719214e-03 1.488155e-03)
841           	(-2.863257e-03 -7.013499e-03 1.444209e-03)
842           	(-2.701010e-03 -7.016088e-03 1.236303e-03)
843           	(-2.615767e-03 -6.890384e-03 1.158855e-03)
844           	(-2.610382e-03 -6.724509e-03 1.219995e-03)
845           	(-2.701077e-03 -6.523029e-03 1.416983e-03)
846           	(-2.802985e-03 -6.278178e-03 1.379255e-03)
847           	(-2.869532e-03 -5.935089e-03 1.320614e-03)
848           	(-2.877099e-03 -5.524751e-03 1.190836e-03)
849           	(-2.847191e-03 -5.096627e-03 1.158115e-03)
850           	(-2.817064e-03 -4.672803e-03 1.031434e-03)
851           	(-2.769869e-03 -4.249021e-03 1.015714e-03)
852           	(-2.709152e-03 -3.815787e-03 1.064848e-03)
853           	(-2.604092e-03 -3.327022e-03 9.780768e-04)
854           	(-2.478464e-03 -2.966480e-03 1.091025e-03)
855           	(-2.340181e-03 -2.591458e-03 1.118981e-03)
856           	(-2.198376e-03 -2.398292e-03 1.189294e-03)
857           	(-1.746911e-03 -2.190151e-03 1.396242e-03)
858           	(-3.029981e-03 -2.874213e-03 1.150875e-03)
859           	(-1.187935e-03 -2.953767e-03 -3.608277e-03)
860           	(-4.931748e-03 -1.232001e-03 3.762089e-03)
861           	(-3.204616e-03 -1.912515e-03 8.247373e-03)
862           	(-4.293128e-03 5.046443e-06 7.337364e-03)
863           	(-4.831303e-03 1.110900e-03 -7.323090e-04)
864           	(-3.321555e-03 1.939975e-03 -2.973002e-03)
865           	(-3.071512e-03 2.210933e-03 -5.273758e-04)
866           	(-2.824585e-03 2.434461e-03 2.099831e-03)
867           	(-2.397358e-03 2.753366e-03 8.112564e-04)
868           	(-2.368134e-03 2.861359e-03 -9.607701e-05)
869           	(-2.122281e-03 3.035970e-03 8.488140e-04)
870           	(-1.671962e-03 3.247872e-03 2.577623e-03)
871           	(-1.307362e-03 3.682199e-03 2.156779e-03)
872           	(-1.147469e-03 3.820777e-03 5.024644e-04)
873           	(-1.179213e-03 3.951837e-03 7.440753e-04)
874           	(-1.281734e-03 4.149706e-03 1.657907e-03)
875           	(-1.495058e-03 4.533365e-03 1.432756e-03)
876           	(-1.853931e-03 4.786560e-03 7.012343e-04)
877           	(-2.319919e-03 4.818435e-03 7.549848e-04)
878           	(-2.835924e-03 4.799729e-03 1.410013e-03)
879           	(-3.339425e-03 4.777446e-03 1.645049e-03)
880           	(-3.837428e-03 4.859861e-03 1.526712e-03)
881           	(-4.118553e-03 5.052947e-03 1.770369e-03)
882           	(-4.329441e-03 5.335993e-03 1.534194e-03)
883           	(-4.515807e-03 5.663096e-03 1.223208e-03)
884           	(-4.704366e-03 5.924223e-03 1.189492e-03)
885           	(-4.820221e-03 6.095016e-03 1.305502e-03)
886           	(-4.937544e-03 6.305328e-03 1.341130e-03)
887           	(-5.076485e-03 6.427372e-03 1.193645e-03)
888           	(-5.071372e-03 6.407310e-03 1.198985e-03)
889           	(-5.078532e-03 6.349363e-03 1.160562e-03)
890           	(-4.919119e-03 6.179831e-03 1.101960e-03)
891           	(-4.715227e-03 5.950856e-03 1.126171e-03)
892           	(-4.523615e-03 5.699922e-03 1.081533e-03)
893           	(-4.273113e-03 5.519733e-03 1.227502e-03)
894           	(-4.064893e-03 5.528274e-03 1.187097e-03)
895           	(-3.920531e-03 5.687604e-03 1.248176e-03)
896           	(-3.848021e-03 5.981011e-03 1.230486e-03)
897           	(-3.831145e-03 6.371679e-03 1.642531e-03)
898           	(-3.681861e-03 6.834916e-03 6.138148e-04)
899           	(-3.189611e-03 6.038594e-03 2.117382e-03)
900           	(-3.242731e-03 9.013247e-03 -5.133483e-03)
901           	(-4.877531e-04 4.682392e-03 5.309058e-03)
902           	(-4.841878e-03 1.235578e-03 6.382561e-03)
903           	(-3.998692e-03 5.296048e-04 6.094402e-04)
904           	(-3.017762e-03 -1.753375e-04 1.058266e-03)
905           	(-2.072208e-03 -5.132873e-04 3.972429e-03)
906           	(-1.213115e-03 -7.778460e-04 3.666286e-03)
907           	(-7.646433e-04 -1.495689e-03 1.438418e-03)
908           	(-6.900956e-04 -2.422442e-03 -3.049386e-04)
909           	(-7.596217e-04 -3.577237e-03 -2.181587e-04)
910           	(-7.809533e-04 -4.542843e-03 5.320040e-04)
911           	(-5.764936e-04 -5.864469e-03 1.344633e-03)
912           	(-4.258918e-04 -6.923331e-03 1.848708e-03)
913           	(-3.567026e-04 -8.041327e-03 1.881848e-03)
914           	(-3.770365e-04 -8.984191e-03 1.941120e-03)
915           	(-4.495431e-04 -9.598714e-03 1.624372e-03)
916           	(-5.456448e-04 -9.946568e-03 1.185134e-03)
917           	(-6.778731e-04 -1.013514e-02 1.077027e-03)
918           	(-8.542961e-04 -1.030732e-02 8.758890e-04)
919           	(-9.949089e-04 -1.039218e-02 9.002051e-04)
920           	(-1.099019e-03 -1.039432e-02 9.386658e-04)
921           	(-1.163585e-03 -1.028695e-02 1.454739e-03)
922           	(-1.051703e-03 -1.014356e-02 1.450125e-03)
923           	(-8.745648e-04 -1.007209e-02 1.419014e-03)
924           	(-6.789163e-04 -1.016380e-02 1.360825e-03)
925           	(-4.367055e-04 -1.032682e-02 1.450562e-03)
926           	(-1.005155e-04 -1.033972e-02 1.493831e-03)
927           	(1.849809e-04 -1.032411e-02 1.501247e-03)
928           	(3.074575e-04 -9.739240e-03 1.168411e-03)
929           	(3.487623e-04 -9.207252e-03 1.033007e-03)
930           	(4.163348e-04 -8.467531e-03 8.965933e-04)
931           	(4.464891e-04 -7.942828e-03 1.109078e-03)
932           	(5.853116e-04 -7.214679e-03 9.325558e-04)
933           	(7.329916e-04 -6.427718e-03 1.189689e-03)
934           	(9.326089e-04 -5.532700e-03 9.586264e-04)
935           	(8.650173e-04 -4.936332e-03 1.686541e-03)
936           	(8.785571e-04 -3.630195e-03 1.827346e-03)
937           	(3.036699e-04 -7.127279e-03 3.047250e-03)
938           	(-2.371226e-03 -3.368485e-03 -2.020396e-02)
939           	(7.632902e-04 -5.065934e-03 1.241171e-02)
940           	(2.446726e-03 -6.275620e-03 1.934628e-02)
941           	(3.255202e-03 -5.792141e-03 1.231812e-02)
942           	(3.242402e-03 -5.119319e-03 4.035632e-03)
943           	(3.436819e-03 -4.387037e-03 -1.078485e-03)
944           	(4.027282e-03 -3.773852e-03 -3.466181e-03)
945           	(4.798893e-03 -2.839682e-03 -4.121628e-03)
946           	(5.318622e-03 -1.695432e-03 -3.516419e-03)
947           	(5.904699e-03 -1.374234e-03 -3.982606e-04)
948           	(6.590468e-03 -1.582967e-03 2.469000e-03)
949           	(7.104866e-03 -1.740923e-03 2.983852e-03)
950           	(7.667516e-03 -1.784472e-03 2.380800e-03)
951           	(8.335755e-03 -1.690278e-03 1.928521e-03)
952           	(9.062787e-03 -1.526042e-03 1.616601e-03)
953           	(9.693007e-03 -1.295711e-03 1.437692e-03)
954           	(1.014124e-02 -1.056794e-03 1.660012e-03)
955           	(1.053496e-02 -7.243377e-04 1.686354e-03)
956           	(1.079887e-02 -3.654149e-04 1.519277e-03)
957           	(1.093390e-02 8.464871e-06 1.548748e-03)
958           	(1.088415e-02 2.319019e-04 1.742277e-03)
959           	(1.068177e-02 2.454153e-04 1.699664e-03)
960           	(1.050795e-02 2.696866e-04 1.511496e-03)
961           	(1.037640e-02 3.287464e-04 1.352319e-03)
962           	(1.031365e-02 5.332059e-04 1.268234e-03)
963           	(1.034413e-02 7.047580e-04 1.329815e-03)
964           	(1.040139e-02 7.988442e-04 1.394920e-03)
965           	(1.049906e-02 1.003047e-03 1.485048e-03)
966           	(1.063660e-02 1.219788e-03 1.452502e-03)
967           	(1.083273e-02 1.466020e-03 1.526211e-03)
968           	(1.098781e-02 1.796420e-03 1.621393e-03)
969           	(1.099347e-02 2.334071e-03 1.826330e-03)
970           	(1.067208e-02 2.757256e-03 1.818087e-03)
971           	(1.008347e-02 2.914854e-03 1.706183e-03)
972           	(9.291768e-03 2.630186e-03 1.431375e-03)
973           	(8.593126e-03 2.104622e-03 1.324771e-03)
974           	(8.033298e-03 1.717221e-03 1.183515e-03)
975           	(7.597393e-03 1.332663e-03 1.174905e-03)
976           	(7.155039e-03 1.047185e-03 1.342848e-03)
977           	(6.822478e-03 8.481849e-04 1.281970e-03)
978           	(6.442250e-03 8.110835e-04 1.060884e-03)
979           	(6.077597e-03 8.906330e-04 1.114050e-03)
980           	(5.687224e-03 1.067061e-03 1.194559e-03)
981           	(5.276711e-03 1.374489e-03 1.266344e-03)
982           	(4.944506e-03 1.647666e-03 1.298318e-03)
983           	(4.591378e-03 2.025746e-03 1.335128e-03)
984           	(4.272684e-03 2.288717e-03 1.485406e-03)
985           	(3.950713e-03 2.649024e-03 1.727141e-03)
986           	(3.635557e-03 2.816731e-03 1.916504e-03)
987           	(3.338721e-03 2.859924e-03 1.987676e-03)
988           	(3.150254e-03 2.469704e-03 2.102587e-03)
989           	(2.974546e-03 1.973972e-03 2.201520e-03)
990           	(3.090696e-03 1.470648e-03 1.957189e-03)
991           	(3.036441e-03 1.039734e-03 1.258551e-03)
992           	(3.412263e-03 4.756277e-04 8.463451e-04)
993           	(2.811100e-03 3.497260e-04 1.404260e-03)
994           	(3.890316e-03 -5.304965e-04 -1.405433e-03)
995           	(2.402700e-03 5.318212e-04 8.307833e-03)
996           	(3.902473e-03 -1.639273e-04 -1.018138e-02)
997           	(3.706513e-03 -1.596723e-04 5.515266e-03)
998           	(3.136622e-03 1.912043e-03 7.977262e-03)
999           	(3.611908e-03 1.038108e-03 8.831342e-03)
1000          	(4.920614e-03 1.134068e-03 6.182261e-04)
